Date,SharesOutstanding,Volatility,RSI,P/E Ratio,% Change Adj Close,% Change Open,% Change Volume,% Change Market Cap,% Change Volatility,% Change RSI,Log Open,Log Adjusted Close,Log Volume,Log Market Cap
2014-12-15 00:00:00-05:00,1773539968.0,,,2.716496849060058,,,,,,,3.3190162469291424,3.3019282200764595,13.42217162965395,34.71841499780576
2014-12-16 00:00:00-05:00,1773539968.0,,,2.747019577026367,0.011236062348782161,-0.011607175977608408,0.9247184350918791,0.9247184350918791,,,3.3073411818392247,3.3131016267750413,14.076951319210828,35.37319468736264
2014-12-17 00:00:00-05:00,1773539968.0,,,2.7366724014282227,-0.0037666916117667926,-0.004451388995873162,-0.5404989220819219,-0.5404989220819219,,,3.3028798559116246,3.3093278233160515,13.299337327871688,34.5955806960235
2014-12-18 00:00:00-05:00,1773539968.0,,,2.811944770812988,0.02750507124838264,0.01797982586412128,-0.35690348525469173,-0.35690348525469173,,,3.32069995642131,3.3364614262136647,12.857876862555736,34.15412023070755
2014-12-19 00:00:00-05:00,1773539968.0,,,2.8256532669067385,0.004875094360329957,0.008503589087821783,1.0,1.0,,,3.3291675936648084,3.3413246757822033,13.740140250939497,35.03638361909131
2014-12-22 00:00:00-05:00,1773539968.0,,,2.8551410675048827,0.010435746290423431,0.01899559482713875,-0.6909639853353462,-0.6909639853353462,,,3.347985024860859,3.351706345566074,12.56584279437621,33.86208616252802
2014-12-23 00:00:00-05:00,1773539968.0,0.48097655415735113,,2.8256532669067385,-0.010327966254891185,-0.003182685938383556,1.0,1.0,,,3.344797263405539,3.3413246757822033,13.42749236345983,34.72373573161164
2014-12-24 00:00:00-05:00,1773539968.0,0.5443414647075909,,2.853589057922364,0.009886489380279473,0.00565584154945431,-0.6423938679245282,-0.6423938679245282,0.13174220240579548,,3.3504371707358906,3.3511626135673085,12.399169275492087,33.6954126436439
2014-12-26 00:00:00-05:00,1773539968.0,0.4788463001821139,,2.8572109222412108,0.0012692312191173727,-0.011701551577626201,-0.4352844187963726,-0.4352844187963726,-0.12031999906650448,,3.338666617188665,3.352431039993389,11.827736204810263,33.12397957296207
2014-12-29 00:00:00-05:00,1773539968.0,0.32810288084078776,,2.841431999206543,-0.005522491501009252,0.012849818324971896,0.7766423357664234,0.7766423357664234,-0.31480543816250783,,3.3514345770962053,3.3468932431611407,12.402461459535564,33.69870482768737
2014-12-30 00:00:00-05:00,1773539968.0,0.23127970570409875,,2.798234748840332,-0.015202633875550653,-0.014499408192331087,0.9917830731306492,0.9917830731306492,-0.2951000457191125,,3.336829025221801,3.3315738645172885,13.091491713737241,34.387735081889055
2014-12-31 00:00:00-05:00,1773539968.0,0.15813397973689997,,2.788923454284668,-0.003327560191125123,0.007908286673198095,-0.5086633663366337,-0.5086633663366337,-0.3162652155082818,,3.344706205288295,3.328240755685374,12.380865935903337,33.67710930405515
2015-01-02 00:00:00-05:00,1773539968.0,0.28758468717595476,,2.744950294494629,-0.015767073034034795,-0.02289947144935045,0.6624685138539044,0.6624685138539044,0.8186141122510937,,3.3215404681944425,3.3123480601393642,12.889169490236618,34.18541285838843
2015-01-05 00:00:00-05:00,1773539968.0,0.48948255390630946,47.97244084512044,2.7012350082397463,-0.015925711420917033,-0.018767847606830812,1.0,1.0,0.7020466517635768,,3.302594269499604,3.2962941718832197,13.74422935595931,35.04047272411112
2015-01-06 00:00:00-05:00,1773539968.0,0.6089348384352701,46.01184081971915,2.6851980209350583,-0.005936909323242645,-0.009134910828204945,-0.2903780068728522,-0.2903780068728522,0.24403787954376144,-0.040869298932091236,3.293417379527422,3.290339569049218,13.401206501188906,34.697449869340716
2015-01-07 00:00:00-05:00,1773539968.0,0.6804164616360756,42.96659773867586,2.694769096374512,0.0035643834699836674,-0.00047997259388810054,-0.06355932203389836,-0.06355932203389836,0.11738796779058669,-0.06618390020462295,3.292937291709818,3.2938976151591643,13.335537397681048,34.63178076583286
2015-01-08 00:00:00-05:00,1773539968.0,0.5792170522297907,50.160048271596615,2.737966537475586,0.016030108538498178,0.009992499162495783,-0.4137039431157078,-0.4137039431157078,-0.1487315711953071,0.1674195982812403,3.3028801959636227,3.30980059826465,12.801606997223118,34.09785036537493
2015-01-09 00:00:00-05:00,1773539968.0,0.5076686299294845,37.15151612815396,2.723740005493164,-0.0051960211301701476,0.011700839565248033,-0.22657111356119075,-0.22657111356119075,-0.12352609790210578,-0.25934050288402144,3.3145131100489196,3.304591030871868,12.544685446650497,33.84092881480231
2015-01-12 00:00:00-05:00,1773539968.0,0.3263050192771572,40.300694413654355,2.7555551528930664,0.011680684402967323,0.0055475719413435876,1.0,1.0,-0.35724801565446107,0.08476580806654899,3.320045350887171,3.316204022701236,13.606516429754484,34.9027597979063
2015-01-13 00:00:00-05:00,1773539968.0,0.4088257782591194,41.59669398101509,2.793061637878418,0.013611226378819952,0.013558970119338598,-0.30589105250184867,-0.30589105250184867,0.25289454377614295,0.03215824407535872,3.3335132207313043,3.329723448413331,13.24139008382597,34.53763345197778
2015-01-14 00:00:00-05:00,1773539968.0,0.4076617845244779,43.77313481497583,2.7819395065307617,-0.003982057251018856,-0.017344586085438762,-0.31853693181818177,-0.31853693181818177,-0.0028471632576548833,0.052322447427049834,3.3160164550844486,3.3257334416617415,12.857876862555736,34.15412023070755
2015-01-15 00:00:00-05:00,1773539968.0,0.42520025245094156,44.428231240272424,2.8140130996704102,0.011529220194886891,0.02027946508381473,0.5982282438770192,0.5982282438770192,0.04302210457848443,0.014965718769414327,3.3360930302297787,3.3371967068532364,13.326772530662288,34.6230158988141
2015-01-16 00:00:00-05:00,1773539968.0,0.3451388632626725,43.791267882636284,2.813496208190918,-0.00018368481637587308,-0.002208307103753415,-0.4453863710466254,-0.4453863710466254,-0.18829101988246422,-0.014336905608314132,3.3338822812202453,3.3370130051647386,12.737288958943898,34.03353232709571
2015-01-20 00:00:00-05:00,1773539968.0,0.3240029259617896,49.92891011416862,2.8409149169921877,0.009745422340163623,0.011251550100051189,-0.06878306878306883,-0.06878306878306883,-0.06123893757162069,0.14015676020118106,3.345071003465063,3.346711247157233,12.666025938922408,33.96226930707422
2015-01-21 00:00:00-05:00,1773539968.0,0.39597476027568507,62.156569601183946,2.8874748229980467,0.01638905330369922,0.012403236149720387,1.0,1.0,0.22213328506293584,0.24490138997737532,3.3573979496617454,3.3629674494959083,13.616571695346881,34.91281506349869
2015-01-22 00:00:00-05:00,1773539968.0,0.44744238285089355,66.60000727550874,2.9177385330200196,0.010481029923076646,0.005224626830030221,-0.40043923865300146,-0.40043923865300146,0.12997702818072487,0.07148782023903966,3.362608975481918,3.373393934220398,13.105013739069216,34.40125710722103
2015-01-23 00:00:00-05:00,1773539968.0,0.5952810569753871,76.01452965375583,2.9306716918945312,0.004432596933600319,0.01648894140876922,0.3740333740333741,0.3740333740333741,0.3304082934265966,0.14135917942623322,3.378963450422698,3.3778167361304714,13.422764222263885,34.71900759041569
2015-01-26 00:00:00-05:00,1773539968.0,0.5340182971949914,87.29439933374968,2.9472257614135744,0.005648558166657658,-0.0006172735299310173,-0.211196682464455,-0.211196682464455,-0.10291400853853938,0.1483909685605287,3.378345986301026,3.3834494010137846,13.185525952361969,34.48176932051378
2015-01-27 00:00:00-05:00,1773539968.0,0.5509739658225964,91.80352639964413,2.94903621673584,0.000614291360359509,0.007145291180424396,0.15884340968832134,0.15884340968832134,0.03175110050847896,0.051654253884660495,3.3854658708418595,3.384063503774439,13.332948399471142,34.629191767622956
2015-01-28 00:00:00-05:00,1773539968.0,0.4896917091824666,87.48006878317267,2.934809875488281,-0.004824064610269629,0.006832008208934148,-0.33635774465327284,-0.33635774465327284,-0.11122532177838251,-0.047094679104703996,3.392274646638704,3.3792277658073377,12.922936352707435,34.219179720859245
2015-01-29 00:00:00-05:00,1773539968.0,0.4030357603956357,87.2640066116623,2.972574806213379,0.012867930914541637,0.0005219793999931,1.0,1.0,-0.17696021223537095,-0.0024698445544881764,3.392796489854838,3.392013608353836,14.041051233878205,35.33729460203002
2015-01-30 00:00:00-05:00,1773539968.0,0.3092947079650209,76.458109479782,2.913858413696289,-0.019752704757625916,-0.004608144191856511,-0.6355945730247406,-0.6355945730247406,-0.23258743179164776,-0.12382994491609967,3.388177695435417,3.3720632112874633,13.031563013077832,34.32780638122964
2015-02-02 00:00:00-05:00,1773539968.0,0.23724726388100992,76.13159775747289,2.94075870513916,0.009231845760394153,-0.016946501768231426,-0.03504161191414801,-0.03504161191414801,-0.23294108249714718,-0.004270465546829194,3.3710859585496253,3.381252704024618,12.99589271335038,34.29213608150219
2015-02-03 00:00:00-05:00,1773539968.0,0.25793233182792474,74.74925890875379,2.958865547180176,0.00615720086431204,0.002843564257402509,-0.06309577848388559,-0.06309577848388559,0.08718780401737036,-0.018157228922512814,3.3739254875260953,3.3873910267789347,12.93071849314949,34.226961861301305
2015-02-04 00:00:00-05:00,1773539968.0,0.2563534451081324,71.86361513822908,2.9342929840087892,-0.008304724489696658,0.005050675252127768,-0.08720930232558144,-0.08720930232558144,-0.006121321466770024,-0.03860431277381904,3.378963450902376,3.379051625946374,12.839469821684345,34.13571318983616
2015-02-05 00:00:00-05:00,1773539968.0,0.2704466553751407,69.06146821849603,2.934809875488281,0.0001761553745003308,-0.004231833479386493,0.5180467091295118,0.5180467091295118,0.054975700681781925,-0.038992568274545336,3.374722637873431,3.3792277658073377,13.256894270361935,34.553137638513746
2015-02-06 00:00:00-05:00,1773539968.0,0.32548481585641437,57.16228833699868,2.868333625793457,-0.02265095611475132,-0.015316276877637924,0.5458041958041957,0.5458041958041957,0.20350837914756026,-0.1722983913960653,3.3592878552251095,3.356316335951127,13.69243856037428,34.98868192852609
2015-02-09 00:00:00-05:00,1773539968.0,0.4472283664713453,49.498280085191766,2.8370346069335937,-0.010911917141858019,-0.01870189798364874,-0.15222800271431802,-0.15222800271431802,0.3740375731340946,-0.13407455290494963,3.3404088653012534,3.3453444471720184,13.52729500990635,34.82353837805816
2015-02-10 00:00:00-05:00,1773539968.0,0.3831313333718313,49.59948254907587,2.8843709945678713,0.01668516398023101,0.020157814539424335,-0.5880469583778015,-0.5880469583778015,-0.14332058944570725,0.0020445652598419795,3.3603662007661974,3.3618919430366345,12.640449097132759,33.93669246528457
2015-02-11 00:00:00-05:00,1773539968.0,0.3929062331980564,45.165888048112095,2.8830772399902345,-0.00044853958803259264,-0.005927874599619076,0.23963730569948183,0.23963730569948183,0.025513183012725538,-0.08938791844404803,3.3544206865732002,3.3614433028246307,12.855267938560937,34.15151130671275
2015-02-12 00:00:00-05:00,1773539968.0,0.3683164077189536,47.54990343732587,2.9123056411743162,0.01013791818639631,0.006685699483692797,-0.09090909090909094,-0.09090909090909094,-0.06258446265653306,0.052783538467664926,3.3610841358850183,3.3715301770151314,12.759957758756611,34.05620112690843
2015-02-13 00:00:00-05:00,1773539968.0,0.2913410706124872,40.82286696274483,2.8745403289794917,-0.012967496151810698,-0.0024233343143226227,0.9678160919540231,0.9678160919540231,-0.20899241927121248,-0.14147318897182926,3.3586578605437407,3.358477868887948,13.436882103809669,34.73312547196148
2015-02-17 00:00:00-05:00,1773539968.0,0.21853994796578374,46.0071840014906,2.9143754959106447,0.013857925919339875,0.004228801486313438,-0.38931074766355145,-0.38931074766355145,-0.2498828005734085,0.12699541762897248,3.3628777457769203,3.3722406517346837,12.94371506597667,34.23995843412848
2015-02-18 00:00:00-05:00,1773539968.0,0.21712669473313495,45.5995236842518,2.8962688446044917,-0.006212875222001868,-0.004658769857965317,0.17886178861788626,0.17886178861788626,-0.006466795868689701,-0.008860796983914399,3.3582080900275932,3.3660083962904532,13.108264453024827,34.40450782117664
2015-02-19 00:00:00-05:00,1773539968.0,0.17253578408501521,43.77284067551225,2.919806861877441,0.008127013939606575,0.015301443196422237,0.9196754563894523,0.9196754563894523,-0.2053681639787559,-0.04005925635075025,3.3733936467998866,3.3741025638940214,13.760420591646314,35.05666395979813
2015-02-20 00:00:00-05:00,1773539968.0,0.22793297817748925,52.72474842100715,2.934551239013672,0.005049778233191082,0.0016845211618292666,-0.5841081994928149,-0.5841081994928149,0.32107654876496605,0.2045082660240245,3.3750767507472723,3.3791396347587517,12.883090444160235,34.179333812312045
2015-02-23 00:00:00-05:00,1773539968.0,0.31363090276674344,54.281961454089,2.9743852615356445,0.01357414448669192,0.011947821181895302,0.6107723577235773,0.6107723577235773,0.3759786112324739,0.029534764597594743,3.3869537601863375,3.392622475861797,13.359804233419363,34.656047601571174
2015-02-24 00:00:00-05:00,1773539968.0,0.3973064264831504,54.43208106058913,2.9937856674194334,0.00652249260869886,0.005684999292405735,-0.23722397476340695,-0.23722397476340695,0.26679617020596624,0.0027655523580718544,3.3926226608552232,3.3991237890607255,13.089013397722775,34.38525676587459
2015-02-25 00:00:00-05:00,1773539968.0,0.414965985081554,56.12721469726749,2.981110954284668,-0.004233674198090065,0.0015652903287872721,0.05748552522746064,0.05748552522746064,0.04444820778440772,0.03114217945831399,3.394186727393995,3.3948811274886492,13.144907341839223,34.441150709991035
2015-02-26 00:00:00-05:00,1773539968.0,0.46790697057268976,60.727216987076616,3.02637710571289,0.015184322932751737,0.011634950377634512,0.49589362534219794,0.49589362534219794,0.12757909658723277,0.08195671769247936,3.4057545122130928,3.4099513224438307,13.547631112808673,34.84387448096049
2015-02-27 00:00:00-05:00,1773539968.0,0.3768672384839608,69.29438659706278,3.0126678466796877,-0.0045299242474851065,-0.0019741284570349293,-0.6580392156862744,-0.6580392156862744,-0.19456801846166527,0.141076275762964,3.403778432596159,3.4054111069988444,12.47457189856518,33.770815266716994
2015-03-02 00:00:00-05:00,1773539968.0,0.3065179781843859,71.6737617905557,2.9937856674194334,-0.00626759411299338,-0.009459768690646797,0.9059633027522935,0.9059633027522935,-0.18666854827331691,0.03433719974070426,3.394273636100264,3.3991237890607255,13.119559450071595,34.415802818223405
2015-03-03 00:00:00-05:00,1773539968.0,0.21010735330018374,68.67077826314213,3.0064603805541994,0.004233674198090176,0.009029352858611839,-0.03730445246690739,-0.03730445246690739,-0.3145349759099819,-0.04189794776209543,3.403262468087859,3.4033485264749497,13.081541382884074,34.37778475103588
2015-03-04 00:00:00-05:00,1773539968.0,0.16098186840845632,68.83429311901502,3.005943298339844,-0.0001719903637179554,-0.00516249101819799,-0.24208333333333332,-0.24208333333333332,-0.23381135462470481,0.002381141731732095,3.398086605372206,3.4031765213191933,12.80435954506616,34.10060291321797
2015-03-05 00:00:00-05:00,1773539968.0,0.29289500413512587,70.93199179280879,3.058710289001465,0.017554220231221107,0.024649484184237958,1.0,1.0,0.8194285296277515,0.030474616339370764,3.422437192829125,3.420578445930599,14.025447281791202,35.321690649943015
2015-03-06 00:00:00-05:00,1773539968.0,0.2688043395450446,61.12183686782014,2.9648151397705083,-0.030697627548638917,-0.01578458582954856,-0.31760700389105057,-0.31760700389105057,-0.0822501724166218,-0.13830367196855198,3.4065267037803366,3.3893997760364782,13.643297735318606,34.93954110347042
2015-03-09 00:00:00-04:00,1773539968.0,0.31975576642492526,53.52395175231733,2.941794013977051,-0.0077647761186349085,-0.01698108934937126,-0.46448087431693985,-0.46448087431693985,0.1895483791895498,-0.12430721170788306,3.389399782451706,3.3816046970786595,13.018779061147757,34.31502242929957
2015-03-10 00:00:00-04:00,1773539968.0,0.5146819046212917,45.45451517340592,2.8546236038208006,-0.02963171783683216,-0.0229455385508196,1.0,1.0,0.6096094540397685,-0.15076309417983214,3.366186897509588,3.3515250898698112,14.041529970023948,35.33777333817576
2015-03-11 00:00:00-04:00,1773539968.0,0.8157817024845855,37.958521566370734,2.802631568908692,-0.01821327156495145,-0.02580600116180809,-0.5146777281429483,-0.5146777281429483,0.5850211463813677,-0.16491196921666584,3.340042079788733,3.3331439148352646,13.318587839367275,34.61483120751909
2015-03-12 00:00:00-04:00,1773539968.0,0.9134186256016613,38.2213618792326,2.819445991516113,0.005999512313339395,0.00659988265919198,-0.14825772518080216,-0.14825772518080216,0.1196851103913068,0.006924408591685749,3.3466202785774124,3.339125501734702,13.158116547110147,34.45435991526196
2015-03-13 00:00:00-04:00,1773539968.0,1.052768815329119,30.669661840518813,2.789181709289551,-0.010734123766736325,-0.019759783837300482,-0.026630644538788162,-0.026630644538788162,0.15255895360757377,-0.19757799480235083,3.3266626597566202,3.3283333516467244,13.131124883072902,34.42736825122471
2015-03-16 00:00:00-04:00,1773539968.0,0.8620852024131311,34.82241680238319,2.8391044616699217,0.017898709221453757,0.00975395058993378,-0.022997620935765295,-0.022997620935765295,-0.18112581807087047,0.13540269806229221,3.33636934765396,3.3460737650421617,13.107858691201447,34.40410205935326
2015-03-17 00:00:00-04:00,1773539968.0,0.6245001209882104,35.58100435161401,2.837293815612793,-0.0006377525313260302,9.201575301331921e-05,0.027191558441558517,0.027191558441558517,-0.2755935037045961,0.02178446009465107,3.336461359173784,3.345435809060185,13.13468712709316,34.43093049524497
2015-03-18 00:00:00-04:00,1773539968.0,0.37699139331303183,41.157805082886505,2.929825210571289,0.0873478078282739,0.01891694473821537,0.9355985776372975,0.9355985776372975,-0.3963309523199454,0.15673533765832337,3.355201603456819,3.4291773364228404,13.795103748186612,35.091347116338426
2015-03-19 00:00:00-04:00,1773539968.0,0.32684549701794924,37.475943905481856,2.862476348876953,-0.07216850095141092,0.004366946905571378,0.0696060420493978,0.0696060420493978,-0.13301602419725356,-0.08945717999270986,3.359559042918704,3.3542721994392055,13.862394143863124,35.158637512014934
2015-03-20 00:00:00-04:00,1773539968.0,0.3968268067312616,42.29209370198266,2.898680305480957,0.01264777493033531,0.005088044771353495,-0.05801526717557248,-0.05801526717557248,0.21411128607186902,0.12851310186202713,3.3646341873301626,3.366840659336497,13.80262793213326,35.09887130028507
2015-03-23 00:00:00-04:00,1773539968.0,0.5281574358970419,44.412092557567064,2.934883499145508,0.012489543464347053,0.013989713777302848,-0.5502431118314425,-0.5502431118314425,0.3309520096375944,0.05012754560044441,3.3785269482438576,3.3792528518391056,13.003579841414362,34.29982320956617
2015-03-24 00:00:00-04:00,1773539968.0,0.5142465237567271,42.284450664705304,2.902140045166016,-0.011156645225960604,0.0022690660747251012,0.5445945945945947,0.5445945945945947,-0.026338571029844604,-0.04790681479608072,3.380793443875759,3.3680335044467253,13.438341319010958,34.734584687162766
2015-03-25 00:00:00-04:00,1773539968.0,0.43449464548225886,35.70083261421111,2.8731252670288088,-0.009997718127192301,-0.012044522973374772,-0.09215514727325747,-0.09215514727325747,-0.15508491470560948,-0.15569832283500662,3.3686757978878554,3.3579854735125956,13.341659536989646,34.63790290514146
2015-03-26 00:00:00-04:00,1773539968.0,0.35609838153721746,38.74813939081117,2.830265045166016,-0.014917630760706846,-0.0218173694470305,0.07002891101831032,0.07002891101831032,-0.18043090924176286,0.08535674250317182,3.3466169103137324,3.3429554557994807,13.409345204741717,34.705588572893525
2015-03-27 00:00:00-04:00,1773539968.0,0.4533661605391955,39.82042504476587,2.8233442306518555,-0.0024452884813671583,-0.008433909782619153,-0.2833983788652057,-0.2833983788652057,0.27314861298186544,0.027673216593439465,3.3381472338701625,3.340507172717464,13.076109992886867,34.37235336103868
2015-03-30 00:00:00-04:00,1773539968.0,0.5253734059522106,48.527865640391475,2.8395822525024412,0.005751343273801446,-1.23340899826907e-07,-0.27230833682446587,-0.27230833682446587,0.15882801073502217,0.21866769593334978,3.3381471105292553,3.346242040158468,12.758232132789141,34.05447550094095
2015-03-31 00:00:00-04:00,1773539968.0,0.7012524106698985,46.246074650836874,2.7623838424682616,-0.027186537726155535,-0.0233436134356394,1.0,1.0,0.3347695234000603,-0.047020221463343836,3.314526719132706,3.3186791109785863,13.950740507224378,35.24698387537619
2015-04-01 00:00:00-04:00,1773539968.0,0.6451456368976077,48.0975581602274,2.798321342468262,0.013009596800960477,0.016063513006688623,-0.30974842767295596,-0.30974842767295596,-0.08000938452203343,0.04003547378603356,3.3304625791370115,3.3316048098438515,13.580041356959427,34.87628472511124
2015-04-02 00:00:00-04:00,1773539968.0,0.4639925314319251,53.73307665301827,2.8307989120483397,0.011606090082360243,0.007143223006655264,-0.48114401417362695,-0.48114401417362695,-0.28079412632598144,0.1171684947917162,3.3375804101748288,3.3431440658868925,12.92391243868049,34.2201558068323
2015-04-06 00:00:00-04:00,1773539968.0,0.297613612656081,50.531011138282416,2.84464111328125,0.004889856772939849,0.006524686399798529,0.11024390243902449,0.11024390243902449,-0.35858102772125,-0.05959207464357974,3.3440839029462213,3.348022006141127,13.028492161794258,34.32473552994607
2015-04-07 00:00:00-04:00,1773539968.0,0.37513253320667983,52.22485893920004,2.861145401000977,0.00580188750091204,0.014655997886206862,-0.018014059753954315,-0.018014059753954315,0.26046832958604904,0.03352095599833271,3.358633539655459,3.3538071275116295,13.010313873595706,34.30655724174752
2015-04-08 00:00:00-04:00,1773539968.0,0.45194821070471963,41.0495694301237,2.848101043701172,-0.004559138202218427,0.002129560526401564,-0.02460850111856827,-0.02460850111856827,0.20476943666125091,-0.21398410136610546,3.3607608358819157,3.349237564742075,12.985397522331171,34.28164089048298
2015-04-09 00:00:00-04:00,1773539968.0,0.47649016793679094,49.73470913031072,2.860346412658692,0.0042994854359545975,-0.005266532555050163,-0.27431192660550463,-0.27431192660550463,0.054302587444263084,0.21157687695046912,3.3554803862596585,3.3535278337982066,12.664762514875635,33.96100588302745
2015-04-10 00:00:00-04:00,1773539968.0,0.32539908872927525,49.26359436926655,2.89282283782959,0.01135401818016546,-0.002229401345341109,0.46902654867256643,0.46902654867256643,-0.31709170382621354,-0.009472554867261729,3.3532484960994053,3.3648178788929246,13.049362484519838,34.34560585267165
2015-04-13 00:00:00-04:00,1773539968.0,0.234105646226659,40.214490086604705,2.857152557373047,-0.012330613541237656,-0.00037211241808099427,0.04948364888123935,0.04948364888123935,-0.28055838404197364,-0.1836874551790154,3.3528763144303184,3.3524106125675264,13.097660764763956,34.39390413291577
2015-04-14 00:00:00-04:00,1773539968.0,0.17561495135652588,49.67271867873907,2.8994775772094727,0.014813706649021485,0.009498634000771888,-0.1709717097170972,-0.1709717097170972,-0.24984743346814864,0.23519454235936887,3.3623301200558013,3.3671156679684353,12.910159766128453,34.206403134280265
2015-04-15 00:00:00-04:00,1773539968.0,0.19335391971355698,53.942688799410746,2.9032054901123048,0.0012857188247064055,0.009871226353024731,0.35608308605341255,0.35608308605341255,0.10101058150235853,0.08596207806317047,3.3721529441199527,3.3684005609644734,13.214760226670297,34.51100359482211
2015-04-16 00:00:00-04:00,1773539968.0,0.35720962658581396,67.72325959706903,2.976144027709961,0.025123449871553793,0.01470684892748264,0.4252370532458061,0.4252370532458061,0.8474392818878462,0.25546688725328837,3.3867526961068664,3.3932136052017396,13.56909837971071,34.86534174786252
2015-04-17 00:00:00-04:00,1773539968.0,0.4671834302233833,68.20856466159869,2.9721513748168946,-0.0013415523092605852,0.004501403991289177,-0.2924769703172978,-0.2924769703172978,0.3078690926912908,0.007166002750267131,3.3912439990803733,3.391871152205544,13.223113280504473,34.519356648656284
2015-04-20 00:00:00-04:00,1773539968.0,0.5239787249647337,67.09384881858571,2.97454719543457,0.0008060897025554681,0.00421226744531511,-0.28282097649186255,-0.28282097649186255,0.12156958288138298,-0.0163427547338576,3.3954474197617626,3.3926769171922833,12.890683495067833,34.18692686321965
2015-04-21 00:00:00-04:00,1773539968.0,0.5338577703582569,84.10930010028791,2.988655662536621,0.004743063792601809,0.0063363693467550775,0.06505295007564293,0.06505295007564293,0.01885390555539823,0.253606725226184,3.4017637987201517,3.397408768099457,12.95370801137419,34.249951379526
2015-04-22 00:00:00-04:00,1773539968.0,0.42929361617342476,82.67731836879506,2.9971742630004883,0.002850311787553572,-0.002926543380878166,0.6950757575757576,0.6950757575757576,-0.19586519105015943,-0.017025248453921615,3.398832964637866,3.4002550254508117,13.481435445942783,34.77767881409459
2015-04-23 00:00:00-04:00,1773539968.0,0.2981923213313768,81.35603855119292,3.0080886840820313,0.003641570400586769,-0.0009783854711808981,-0.5329608938547485,-0.5329608938547485,-0.3053884099433849,-0.015981164407248394,3.3978541002352083,3.4038899813870684,12.720093160192684,34.016336528344496
2015-04-24 00:00:00-04:00,1773539968.0,0.1625399659518484,80.86968320591919,3.014743614196777,0.002212345051514575,0.003205089274951556,0.04306220095693769,0.04306220095693769,-0.45491565568779324,-0.00597810997112036,3.4010540641600793,3.4060998828067106,12.762253971016962,34.058497339168774
2015-04-27 00:00:00-04:00,1773539968.0,0.16741443219394936,76.7326539516108,3.004893684387207,-0.0032672528977873982,0.008075810262145211,-0.27121559633027525,-0.27121559633027525,0.029989339628291756,-0.05115673872215176,3.40909743957463,3.4028272807836997,12.445876637737491,33.742120005889305
2015-04-28 00:00:00-04:00,1773539968.0,0.1576641901520413,80.86442185992306,3.0078229904174805,0.0009748451485966925,-0.016286284601731982,0.6994492525570417,0.6994492525570417,-0.05824015238191893,0.05384627919839491,3.392677075677693,3.4038016510793447,12.976180867226248,34.27242423537806
2015-04-29 00:00:00-04:00,1773539968.0,0.1560131277433779,66.30824326736256,2.957243919372558,-0.016815840295808737,0.0032215876146080014,0.1782407407407407,0.1782407407407407,-0.01047201908734785,-0.18000720536622838,3.3958934850972806,3.3868428192593143,13.14020329553266,34.43644666368447
2015-04-30 00:00:00-04:00,1773539968.0,0.2824022054838346,56.593480859752795,2.931156349182129,-0.008821582156119279,-0.017662707901925367,-0.023575638506876273,-0.023575638506876273,0.8101182225405477,-0.14650912056950005,3.3780729301373222,3.3779820965898044,13.116345305078767,34.41258867323058
2015-05-01 00:00:00-04:00,1773539968.0,0.3428536026117622,68.19444639935548,2.9607046127319334,0.010080753132820641,9.068032000447701e-05,0.31227364185110673,0.31227364185110673,0.21406134921771347,0.20498766577641048,3.378163606346115,3.3880123778437063,13.388106542337356,34.68434991048917
2015-05-04 00:00:00-04:00,1773539968.0,0.3709168519238891,61.488774444673744,2.9561794281005858,-0.001528414760421537,0.0006356806837353179,-0.7169579883471328,-0.7169579883471328,0.08185198900740431,-0.09833164295245478,3.3787990850704674,3.3864827938659268,12.125946601050888,33.4221899692027
2015-05-05 00:00:00-04:00,1773539968.0,0.3912407451399497,46.179298196544295,2.8787141799926763,-0.02620451498023013,-0.006624352542470291,1.0,1.0,0.05479366362203186,-0.24898001930262215,3.3721526941240043,3.3599288221662813,13.337474757021274,34.63371812517308
2015-05-06 00:00:00-04:00,1773539968.0,0.2759136712019593,37.63240429651939,2.9077301025390625,0.010079473241230374,0.0006393526014343287,-0.4370967741935484,-0.4370967741935484,-0.29477265691418986,-0.1850806364282186,3.372791842426639,3.3699578363012948,12.762827201184564,34.05907056933638
2015-05-07 00:00:00-04:00,1773539968.0,0.3014700939630767,41.766434799001495,2.924501419067383,0.0057678381200769735,-0.010863420063344509,0.9724928366762178,0.9724928366762178,0.09262470630681796,0.10985294667618306,3.3618689845583622,3.3757091041290592,13.442125343319521,34.73836871147133
2015-05-08 00:00:00-04:00,1773539968.0,0.28034320632581883,51.97268386663978,2.988389778137207,0.021845897783902668,0.032210307085822176,-0.4654270772806508,-0.4654270772806508,-0.07007954706062969,0.2443648618024319,3.393571416792074,3.397319799594121,12.815838217151068,34.11208158530288
2015-05-11 00:00:00-04:00,1773539968.0,0.38487411995758963,50.58550445784345,2.992648887634277,0.0014252188681107558,0.006348406441970544,0.30869565217391304,0.30869565217391304,0.3728676539080584,-0.026690547910817597,3.3998997569829035,3.398744003801782,13.084869172976749,34.38111254112856
2015-05-12 00:00:00-04:00,1773539968.0,0.3874592151149901,47.02302100824249,2.976411247253418,-0.005425842118650714,-0.015459602329425337,0.066029900332226,0.066029900332226,0.006716728985792342,-0.07042498612561698,3.3843194089309008,3.393303388338995,13.148810547419178,34.44505391557099
2015-05-13 00:00:00-04:00,1773539968.0,0.44186716897305056,47.85878395982846,2.992915344238281,0.005544965266507607,0.015702421408491096,-0.3326840670042852,-0.3326840670042852,0.14042240250219185,0.017773484852014798,3.3998998228713826,3.3988330368799873,12.744318864872156,34.04056223302397
2015-05-14 00:00:00-04:00,1773539968.0,0.4890791719230853,52.98107920887729,3.038169860839844,0.015120546823579106,0.00835185151367468,-0.0834792761237595,-0.0834792761237595,0.10684659613829384,0.10702936483610537,3.408216990654969,3.4138404076651208,12.65714826489039,33.9533916330422
2015-05-15 00:00:00-04:00,1773539968.0,0.46376325876632457,53.197224268012015,3.029916381835937,-0.0027165956420966975,-0.004670419640426693,0.12611464968152863,0.12611464968152863,-0.051762402919791506,0.004079665087277196,3.4035356305269975,3.41112011538071,12.775921609745625,34.07216497789744
2015-05-18 00:00:00-04:00,1773539968.0,0.22810353328722757,48.64350135096096,2.996376037597656,-0.011069726029190874,-0.006727659050097867,-0.17533936651583715,-0.17533936651583715,-0.5081466050285763,-0.08560076168841102,3.396785238762751,3.399988663989735,12.58313827911664,33.87938164726845
2015-05-19 00:00:00-04:00,1773539968.0,0.22460560804091406,55.99435283464865,3.0024980545043944,0.002043140390231901,0.005882140672091252,-0.1927297668038409,-0.1927297668038409,-0.015334813958839177,0.1511168250544217,3.402650147187381,3.4020297200072678,12.369041473808313,33.66528484196012
2015-05-20 00:00:00-04:00,1773539968.0,0.2286531708556361,61.549786855597596,3.0152767181396483,0.00425601062957659,0.00044340457675073885,0.05862361937128302,0.05862361937128302,0.018020755804034616,0.09921418392590664,3.4030934534893715,3.4062766994391196,12.426011065895436,33.722254434047244
2015-05-21 00:00:00-04:00,1773539968.0,0.12229557732153698,59.5073710663239,3.0264568328857426,0.0037078237890524335,0.004782328420226856,0.28892455858748,0.28892455858748,-0.4651481242796748,-0.03318314966817715,3.4078643829051143,3.409977666194102,12.679819261054744,33.97606262920655
2015-05-22 00:00:00-04:00,1773539968.0,0.12040581656903447,53.94285457140927,2.9862607955932616,-0.01328154984921881,-0.0008812299567660942,-0.17995018679950192,-0.17995018679950192,-0.015452404689451638,-0.09350970132276049,3.406982764436968,3.3966071277456904,12.481429068291318,33.777672436443126
2015-05-26 00:00:00-04:00,1773539968.0,0.1416851303288757,62.74376952656996,2.9623029708862303,-0.008022683331069147,-0.011556952389994879,0.046317388003037196,0.046317388003037196,0.17672994848750334,0.1631525625606276,3.3953585114436384,3.388552089525831,12.526705818121641,33.822949186273455
2015-05-27 00:00:00-04:00,1773539968.0,0.17856448869175442,63.80150251879552,3.000901985168457,0.013030069733440897,-0.002945556008319916,1.0,1.0,0.26029095838974325,0.016857976500401994,3.3924086087475125,3.401497998195296,13.720540320373047,35.01678368852486
2015-05-28 00:00:00-04:00,1773539968.0,0.17412040542911245,63.04355601707618,3.010750579833984,0.003281878153369444,0.012084589683054592,-0.5773037167363096,-0.5773037167363096,-0.02488783349478596,-0.011879759438205406,3.404420762762952,3.4047745027403677,12.859438956078275,34.155682324230085
2015-05-29 00:00:00-04:00,1773539968.0,0.1980186486302353,43.79032546980657,2.947395133972168,-0.021043073539924295,-0.01105584739197596,0.06763787721123826,0.06763787721123826,0.1372512494571021,-0.3053956940825898,3.393303345263137,3.3835068678336686,12.924887572838697,34.221130940990506
2015-06-01 00:00:00-04:00,1773539968.0,0.26547542255365786,39.03700912357434,2.913853645324707,-0.011380044793063537,-0.009212013200708746,0.6232943469785575,0.6232943469785575,0.3406586924516697,-0.10854718011880582,3.3840486390743054,3.372061574840249,13.409345204741717,34.705588572893525
2015-06-02 00:00:00-04:00,1773539968.0,0.4831287753402174,36.57171383976955,2.87339096069336,-0.013886313300693565,-0.025997440725442522,1.0,1.0,0.8198625345160435,-0.06315277064389668,3.3577072913231993,3.3580779447261837,14.191066135666295,35.4873095038181
2015-06-03 00:00:00-04:00,1773539968.0,0.4940065377711967,35.40634628871484,2.882974433898925,0.003335248609278141,0.008804477281082024,-0.7403489490314603,-0.7403489490314603,0.022515244353473296,-0.03186527041528586,3.3664732352066276,3.361407643729938,12.842649474601725,34.138892842753535
2015-06-04 00:00:00-04:00,1773539968.0,0.5528795622725713,25.441786410376167,2.8680662155151366,-0.005171124033738539,-0.009003429813321362,-0.2052910052910053,-0.2052910052910053,0.119174585759515,-0.28143428856184194,3.3574290295865103,3.356223103161952,12.612870198872116,33.90911356702393
2015-06-05 00:00:00-04:00,1773539968.0,0.6827150894101208,21.029142451090408,2.787141227722168,-0.028215871500872458,-0.019838473429019676,0.7296937416777629,0.7296937416777629,0.23483509971660022,-0.17344080671497608,3.33739113171878,3.327601513953139,13.160814563778581,34.45705793193039
2015-06-08 00:00:00-04:00,1773539968.0,0.6738067810291324,22.795998610409214,2.7860763549804686,-0.00038206630188220014,-0.009458138927587845,0.7055427251732103,0.7055427251732103,-0.01304835431231699,0.08401941084512421,3.3278879805490083,3.3272193746453316,13.694697937747526,34.99094130589934
2015-06-09 00:00:00-04:00,1773539968.0,0.5858607150583964,23.63755101084557,2.796458053588867,0.003726279285145795,0.0036282846484203546,-0.6506431956668923,-0.6506431956668923,-0.13052119457214773,0.03691667186065195,3.33150969885094,3.3309387285504237,12.64303642069771,33.93927978884952
2015-06-10 00:00:00-04:00,1773539968.0,0.4297285335055703,28.002363511360485,2.832927703857422,0.013041372182125421,0.0056131423990768425,-0.15697674418604646,-0.15697674418604646,-0.2665005137565223,0.1846558680513144,3.337107146270932,3.3438957942289176,12.47227568630483,33.76851905445664
2015-06-11 00:00:00-04:00,1773539968.0,0.4023586928143242,27.349085069965057,2.840380859375,0.0026309021255395137,0.010312070042626464,0.1800766283524904,0.1800766283524904,-0.06369100154456309,-0.023329403645888536,3.34736640963976,3.3465232415895656,12.637855061955712,33.934098430107525
2015-06-12 00:00:00-04:00,1773539968.0,0.2810772987707556,30.01401423846613,2.836654853820801,-0.0013117978674941355,-0.007865657588171038,0.056493506493506596,0.056493506493506596,-0.30142605642556874,0.09744125486039446,3.3394696545916234,3.3452105825620544,12.692810473767075,33.98905384191889
2015-06-15 00:00:00-04:00,1773539968.0,0.19262654628048984,31.800820071337625,2.833726692199707,-0.0010322586891915453,0.005285590682706731,0.29870928088506443,0.29870928088506443,-0.3146847962360898,0.0595323843946709,3.3447413255676017,3.3441777907269343,12.954181384164093,34.25042475231591
2015-06-16 00:00:00-04:00,1773539968.0,0.42641743146004607,39.05707416326457,2.9143856048583983,0.028463899811057347,0.02882335227049726,1.0,1.0,1.0,0.2281782065886746,3.3731570983634054,3.3722441203783897,14.29124771905777,35.587491087209585
2015-06-17 00:00:00-04:00,1773539968.0,0.5052837689861883,42.72153778689178,2.94952449798584,0.012057050058462915,0.0028290170529157166,-0.790454884414616,-0.790454884414616,0.1849510167914694,0.09382330095462832,3.375982121278794,3.3842290632302894,12.728431505109837,34.02467487326165
2015-06-18 00:00:00-04:00,1773539968.0,0.6349289622652585,56.603641649189115,3.0014328002929687,0.017598871391838244,0.01792665045423436,0.290035587188612,0.290035587188612,0.25657897846034716,0.3249439177855806,3.393749984212228,3.401674867745186,12.983101310070822,34.279344678222635
2015-06-19 00:00:00-04:00,1773539968.0,0.7091396103573491,60.500820150796265,2.994246864318848,-0.0023941685362468546,0.006526460907417597,-0.1236781609195402,-0.1236781609195402,0.11688023779436141,0.06885031400913366,3.4002552399866333,3.3992778286047267,12.851079450762183,34.147322818914
2015-06-22 00:00:00-04:00,1773539968.0,0.7544593387389106,69.54631597112763,3.015542793273925,0.0071122822933711305,0.004085627983396067,-0.23609653725078694,-0.23609653725078694,0.06390804817506113,0.1495103008155223,3.404332544455507,3.4063649379061953,12.581765595304669,33.87800896345648
2015-06-23 00:00:00-04:00,1773539968.0,0.6473491060495499,65.4260966435217,2.997707557678223,-0.005914436245270105,0.0008846471622765417,0.8667582417582418,0.8667582417582418,-0.14196952332566648,-0.05924424996597155,3.405216800548105,3.4004329421120882,13.205968961259126,34.50221232941094
2015-06-24 00:00:00-04:00,1773539968.0,0.4200759087020406,67.35479108629211,2.993448066711425,-0.0014209161116759406,0.0019442816525958584,-0.41942604856512145,-0.41942604856512145,-0.35108289364056555,0.029478977681933527,3.407159194531506,3.399011015541816,12.662230867953856,33.958474236105666
2015-06-25 00:00:00-04:00,1773539968.0,0.319182641878071,83.54708691699723,2.9825334548950195,-0.003646167086638785,-0.006086424609382801,-0.23891001267427125,-0.23891001267427125,-0.24017865517618409,0.2404030295329731,3.40105417213879,3.3953581849856187,12.38922718862802,33.68547055677983
2015-06-26 00:00:00-04:00,1773539968.0,0.15436060916237462,83.88329486117898,2.983066177368164,0.00017861408135089185,-0.0063008858364269615,0.7277268942547876,0.7277268942547876,-0.5163878328278861,0.0040241731529881974,3.394733351940995,3.395536783117374,12.936033799212835,34.23227716736465
2015-06-29 00:00:00-04:00,1773539968.0,0.2607971696132341,65.01127349308328,2.904269981384277,-0.026414498136747788,-0.013039284663161399,0.5971084337349397,0.5971084337349397,0.6895318762243094,-0.22497949561146335,3.38160830950988,3.368767154431503,13.404228564534545,34.700471932686355
2015-06-30 00:00:00-04:00,1773539968.0,0.48488386493724894,57.054845980465984,2.88164291381836,-0.00779096561647219,-0.019183771269553285,0.5543150271575137,0.5543150271575137,0.8592374512972611,-0.12238535080325419,3.3622381419945433,3.360945680680553,13.845263516113622,35.14150688426543
2015-07-01 00:00:00-04:00,1773539968.0,0.5105290978934399,59.461542553136105,2.9095935821533203,0.009699559997849994,0.010978657628248234,-0.6456998641040574,-0.6456998641040574,0.0528894335543828,0.042182158786198576,3.3731569716500633,3.370598501933465,12.80765263256463,34.10389600071644
2015-07-02 00:00:00-04:00,1773539968.0,0.5032973112435322,60.480414927978984,2.913321113586425,0.0012811175608746783,-0.0034675868907818597,-0.25479452054794516,-0.25479452054794516,-0.014165278100205736,0.01713498054532292,3.369683358745341,3.371878799563448,12.513557345278134,33.809800713429944
2015-07-06 00:00:00-04:00,1773539968.0,0.4518177242503493,58.07124009232982,2.895218849182129,-0.006213617963318652,-0.007509319730217956,0.4139705882352942,0.4139705882352942,-0.1022846453639672,-0.03983396672324491,3.362145702124071,3.3656457967342135,12.859959112136817,34.15620248028863
2015-07-07 00:00:00-04:00,1773539968.0,0.3981493122659903,47.36837804900284,2.898413276672364,0.001103345776827025,-0.007750430393507535,1.0,1.0,-0.11878332589409801,-0.18430572562786784,3.354365081049905,3.366748534272446,13.881672760217944,35.17791612836975
2015-07-08 00:00:00-04:00,1773539968.0,0.2619449522191218,37.328362572715946,2.875786399841309,-0.0078066426941821865,0.00753216313938565,-0.6989891426432048,-0.6989891426432048,-0.34209367152158965,-0.2119560747024195,3.361869019090604,3.358911260220331,12.68106381628695,33.97730718443876
2015-07-09 00:00:00-04:00,1773539968.0,0.20224947257971015,29.52709297148401,2.895486068725586,0.006850185008651533,0.011352387579620205,0.4496268656716418,0.4496268656716418,-0.22789322387657718,-0.20899040470995756,3.3731574518894987,3.365738089312556,13.052370005583795,34.3486133737356
2015-07-10 00:00:00-04:00,1773539968.0,0.41380896857887217,50.15146950661809,2.9953113555908204,0.03447617584607188,0.025551824598947226,1.0,1.0,1.0,0.6984899107762561,3.398388285075564,3.399633277619194,14.019430514310725,35.315673882462534
2015-07-13 00:00:00-04:00,1773539968.0,0.489525632176542,45.15125440378168,2.9822671890258787,-0.004354861654229714,-0.004627227209414109,-0.43581797422932633,-0.43581797422932633,0.18297492163521878,-0.09970226499896628,3.393750319110412,3.3952689059349974,13.447052175485206,34.74329554363702
2015-07-14 00:00:00-04:00,1773539968.0,0.6311245356977524,53.65673840994326,3.0245939254760748,0.014192804925712066,0.016181061210027048,-0.5521827117664064,-0.5521827117664064,0.2892573835033512,0.1883775792826965,3.4098018622416015,3.4093619359538794,12.643682206964906,33.93992557511672
2015-07-15 00:00:00-04:00,1773539968.0,0.6617839574397286,54.008627217513684,3.022729682922364,-0.0006163612701883814,-0.001407823512473927,1.0,1.0,0.0485790363197971,0.006558147550489446,3.408393046814537,3.408745384654995,13.402114079529829,34.698357447681644
2015-07-16 00:00:00-04:00,1773539968.0,0.603234896208112,59.02774287893639,3.051746368408203,0.009599497318524941,0.008986196901225485,-0.48503175083156935,-0.48503175083156935,-0.08847156322454208,0.09293173924248754,3.417339108113473,3.4182990995580633,12.738464047210725,34.03470741536254
2015-07-17 00:00:00-04:00,1773539968.0,0.43538209954998724,58.52318017021939,3.0488189697265624,-0.0009592535972009486,-0.009429584944370961,-0.3423370522607164,-0.3423370522607164,-0.2782544539668287,-0.008547890942600223,3.4078647831577054,3.417339385582694,12.319401330837177,33.61564469898899
2015-07-20 00:00:00-04:00,1773539968.0,0.23444488559437635,70.96227802047464,3.0376379013061525,-0.003667344152418761,8.79639819131306e-05,0.9375,0.9375,-0.46151923600740696,0.21254993002900946,3.4079527432710144,3.4136653002371453,12.980799813082541,34.277043181234355
2015-07-21 00:00:00-04:00,1773539968.0,0.22599302415215458,75.98547231663525,3.036040496826172,-0.0005258706046871175,0.006874574592596661,-0.408294930875576,-0.408294930875576,-0.036050525993749805,0.07078682415904503,3.4148037957173294,3.413139291314018,12.456052850797944,33.75229621894975
2015-07-22 00:00:00-04:00,1773539968.0,0.18561858879716298,65.52016958308727,3.003297233581543,-0.010784857210850207,-0.01663175036122877,1.0,1.0,-0.17865345847050862,-0.13772767891655058,3.3980321848777755,3.4022958559787853,13.404530269168,34.70077363731981
2015-07-23 00:00:00-04:00,1773539968.0,0.2647729874098725,57.04203834654302,2.961236572265625,-0.014004828042197826,-0.005608155910204249,0.6935143288084464,0.6935143288084464,0.4264357310635869,-0.12939727248100263,3.392408244217993,3.388192034992774,13.931336123469864,35.227579491621675
2015-07-24 00:00:00-04:00,1773539968.0,0.3442827210926802,56.07692769812702,2.9372791290283202,-0.008090350991097894,-0.005549831194394561,-0.5992162451015319,-0.5992162451015319,0.3002939781002867,-0.016919287535847483,3.3868429554928023,3.380068779519386,13.017002861746503,34.31324622989831
2015-07-27 00:00:00-04:00,1773539968.0,0.3990676924723336,53.507474577666805,2.923436546325684,-0.004712722929814173,-0.009721842055890328,-0.20266666666666666,-0.20266666666666666,0.1591278563320795,-0.04582014789205435,3.3770735477956038,3.3753449166976024,12.790520409166778,34.08676377731859
2015-07-28 00:00:00-04:00,1773539968.0,0.4159176356965319,62.69061486679196,2.973216438293457,0.017027868119914746,0.003454185961889067,0.025083612040133874,0.025083612040133874,0.04222327074338761,0.17162350422268036,3.380521781759431,3.392229435669725,12.815294591152357,34.11153795930417
2015-07-29 00:00:00-04:00,1773539968.0,0.49732832093921525,68.1278627582399,3.0584020614624023,0.028650999662116483,0.040855470948743644,0.9505165851005981,0.9505165851005981,0.19573751689164598,0.08673144940436872,3.420564725008827,3.420477670426844,13.48338884408032,34.77963221223213
2015-07-30 00:00:00-04:00,1773539968.0,0.6303526105065533,64.20481279267165,3.108979606628418,0.016537245316213145,0.012445282958963855,0.6116531920825201,0.6116531920825201,0.2674778088569716,-0.05758363475293038,3.4329332020250773,3.4368796645857906,13.960649323630513,35.256892691782326
2015-07-31 00:00:00-04:00,1773539968.0,0.906493161730392,70.80586751215063,3.167810249328613,0.018922813959527662,0.02192032804148769,0.2539353053105,0.2539353053105,0.438073146079194,0.10281245957051421,3.4546167338612244,3.4556256691071243,14.186936173848915,35.48317954200073
2015-08-03 00:00:00-04:00,1773539968.0,0.9934468268008217,64.18740973769356,3.1454494476318358,-0.007058756660540677,-0.006897673470039889,-0.6664367498965375,-0.6664367498965375,0.09592313405260011,-0.09347329546271443,3.4476951614802087,3.448541881562959,13.089013397722775,34.38525676587459
2015-08-04 00:00:00-04:00,1773539968.0,1.029955675732656,65.84190332795272,3.162486267089844,0.005416338663727371,0.010672516923586173,-0.1311000827129859,-0.1311000827129859,0.036749675923172465,0.025775983125357005,3.458311129088254,3.453943604616072,12.948486067393038,34.24472943554485
2015-08-05 00:00:00-04:00,1773539968.0,0.8751876261911465,64.73518847380815,3.1776599884033203,0.004798035479673057,0.0020952643903926482,0.05188005711565924,0.05188005711565924,-0.15026670874104908,-0.016808670439433127,3.4604042014735668,3.4587301662102825,12.999065161059836,34.295308529211646
2015-08-06 00:00:00-04:00,1773539968.0,0.4934886942858143,62.289968126873966,3.1579605102539063,-0.006199366269930118,0.0021743675767080806,0.09864253393665168,0.09864253393665168,-0.4361338306009902,-0.037772661277158726,3.4625762085342293,3.4525115040798715,13.093140518727425,34.38938388687924
2015-08-07 00:00:00-04:00,1773539968.0,0.3359230401627577,61.99288968234427,3.1446516036987306,-0.004214399297255866,-0.01911003326758942,-0.2635914332784185,-0.2635914332784185,-0.3192892885845915,-0.00476928233330598,3.4432812184355406,3.4482881991718903,12.787170322281495,34.08341369043331
2015-08-10 00:00:00-04:00,1773539968.0,0.2442494354648377,64.37040956937646,3.1715370178222657,0.008549568445646694,0.0020414896885321276,-0.017897091722595126,-0.017897091722595126,-0.27290061632421314,0.03835149319889375,3.4453206271157555,3.4568014270411593,12.7691111407431,34.06535450889491
2015-08-11 00:00:00-04:00,1773539968.0,0.2643254476916401,63.58060311170535,3.1329374313354488,-0.01217062461194951,-0.0010189028371377917,0.2010250569476082,0.2010250569476082,0.08219471291139402,-0.012269713101947577,3.4443012048442565,3.444556133917393,12.95228654702681,34.24852991517862
2015-08-12 00:00:00-04:00,1773539968.0,0.3978005518221533,65.89621973372388,3.107649230957031,-0.00807172212425522,-0.01742274204211469,-0.013750592697961084,-0.013750592697961084,0.5049650167857622,0.036420173900367114,3.426724900567868,3.4364516590778367,12.9384405392434,34.234683907395215
2015-08-13 00:00:00-04:00,1773539968.0,0.43479026220072087,68.18176948502048,3.099129295349121,-0.002741601440419461,0.001729455783373135,-0.40384615384615385,-0.40384615384615385,0.09298556829329074,0.03468407991432798,3.4284528625646318,3.4337062925650614,12.421184025147118,33.717427393298934
2015-08-14 00:00:00-04:00,1773539968.0,0.38334577461411906,70.99700540343495,3.108447265625,0.003006641345961958,0.006390123039891726,0.09435483870967731,0.09435483870967731,-0.11832023865072783,0.0412901562936554,3.4348226553309607,3.436708423004456,12.511349026382906,33.807592394534716
2015-08-17 00:00:00-04:00,1773539968.0,0.2537519659309385,66.93776699029138,3.106318092346192,-0.0006849636158713368,-0.005662743180823715,0.14664701547531322,0.14664701547531322,-0.3380598333544471,-0.05717478350075855,3.4291438180333125,3.436023224693829,12.648191071286373,33.94443443943818
2015-08-18 00:00:00-04:00,1773539968.0,0.23400856783884902,56.040105071440166,3.096734046936035,-0.0030853393391268025,0.004227890325355199,0.5919023136246786,0.5919023136246786,-0.07780589214218303,-0.1628028900401145,3.4333627959420157,3.4329331158824634,13.113120796037396,34.409364164189206
2015-08-19 00:00:00-04:00,1773539968.0,0.20432123291857004,41.80217392257868,3.059071731567383,0.012767542847428759,-0.008493483243184885,-0.5038352846184901,-0.5038352846184901,-0.1268643075527187,-0.2540668175177564,3.4248330375222498,3.445619840825133,12.412273476114072,33.70851684426588
2015-08-20 00:00:00-04:00,1773539968.0,0.26019966801963196,23.87310486938499,3.0180648803710937,-0.0376902453975867,-0.015633188673007337,1.0,1.0,0.27348325136297325,-0.42890279071131354,3.4090763618675664,3.4072009509121717,13.1538620444637,34.450105412615514
2015-08-21 00:00:00-04:00,1773539968.0,0.4316162068899516,19.54664402575223,2.9322738647460938,-0.02842583543613264,-0.01240183184302368,-0.015116279069767424,-0.015116279069767424,0.6587884610882222,-0.18122740495230005,3.3965969855116556,3.3783632780950748,13.138630349868201,34.434873718020015
2015-08-24 00:00:00-04:00,1773539968.0,1.0957746299728437,11.703463932307159,2.826249885559082,-0.03615759784981487,-0.0644138962234787,1.0,1.0,1.0,-0.4012545623234286,3.3300148883893095,3.341535797111945,13.904436767158675,35.200680135310485
2015-08-25 00:00:00-04:00,1773539968.0,1.1165880997344628,8.233014122041723,2.810332489013672,-0.005631984852698668,0.03833524958264478,0.19634034766697162,0.19634034766697162,0.018994297907896307,-0.2965318499154198,3.367633597463868,3.335887892832438,14.083703953832192,35.379947321984005
2015-08-26 00:00:00-04:00,1773539968.0,1.0801056893292056,20.735663441026247,2.8745399475097657,0.022846926029961745,0.001115611348266654,-0.12236157846436224,-0.12236157846436224,-0.0326731141178499,1.0,3.3687485869802334,3.3584777361815994,13.953183363089346,35.24942673124116
2015-08-27 00:00:00-04:00,1773539968.0,0.9544762453319086,23.597815467921862,2.8885698318481445,0.004880740777505332,-0.009660518328270529,0.8581387242941791,0.8581387242941791,-0.11631217689013251,0.1380304052019259,3.3590411031257927,3.3633466047582545,14.572758663930744,35.869002032082555
2015-08-28 00:00:00-04:00,1773539968.0,0.7766227840256031,19.821822144077657,2.8926158905029298,0.0014007134638653884,-0.006660030785727522,-0.6176139561057963,-0.6176139561057963,-0.18633618403406027,-0.16001452884387424,3.3523587953697347,3.364746338138121,13.61143406936729,34.907677437519105
2015-08-31 00:00:00-04:00,1773539968.0,0.5823687219286,20.045077476913434,2.859163284301757,-0.011564828330994259,0.0034939765274408785,-0.3875398577385333,-0.3875398577385333,-0.25012665877518103,0.011263108467678418,3.3558466821420403,3.3531141170859367,13.12116265682781,34.41740602497962
2015-09-01 00:00:00-04:00,1773539968.0,0.4399432728612042,18.07842548246589,2.7841630935668946,-0.026231517152815798,-0.022584020923872572,0.28634361233480177,0.28634361233480177,-0.24456232573022274,-0.09811146884877853,3.3330037364157565,3.3265324162097065,13.37296644161469,34.6692098097665
2015-09-02 00:00:00-04:00,1773539968.0,0.3910724503901653,23.56200822908322,2.817886161804199,0.01211246148446743,0.005102577747652548,-0.136986301369863,-0.136986301369863,-0.11108437265832893,0.30332192103431854,3.3380933401288715,3.3385721088498057,13.22564172685783,34.521885095009644
2015-09-03 00:00:00-04:00,1773539968.0,0.3620301017441401,25.247857558923485,2.8391996383666993,0.007563640026130081,0.003927367834930751,0.6201298701298701,0.6201298701298701,-0.074263345876321,0.07154947547125357,3.342013015987649,3.3461072879726386,13.708148039635775,35.00439140778759
2015-09-04 00:00:00-04:00,1773539968.0,0.3341694826934084,22.631068556277285,2.7741817474365233,-0.022900077208934277,-0.013357523311701924,-0.6731240258294366,-0.6731240258294366,-0.076956636800389,-0.1036440021312357,3.328565478484997,3.3229409309223388,12.589973575722498,33.88621694387431
2015-09-08 00:00:00-04:00,1773539968.0,0.2894298440407168,31.36575892765643,2.847022819519043,0.02625677721001085,0.021177663925214363,1.0,1.0,-0.13388307721007253,0.38596013925097505,3.3495220122506617,3.348858916543754,13.464817685703089,34.7610610538549
2015-09-09 00:00:00-04:00,1773539968.0,0.3346970997552213,32.74489449914397,2.837580680847168,-0.0033164956062663453,0.010890249707881328,0.19710309571144569,0.19710309571144569,0.15640147913750146,0.04396946283584091,3.360353390222146,3.3455369091760723,13.644722236983993,34.9409656051358
2015-09-10 00:00:00-04:00,1773539968.0,0.3137373744390908,37.85413043827865,2.865368461608887,0.00979277204319784,-0.009648654005714463,0.1795966785290628,0.1795966785290628,-0.06262296665091893,0.15603152849578583,3.3506578863520526,3.355282042782872,13.809894819178638,35.10613818733045
2015-09-11 00:00:00-04:00,1773539968.0,0.29758877134715084,43.235320008123495,2.8578140258789064,-0.002636462232064485,0.0016078159527967983,-0.7809734513274336,-0.7809734513274336,-0.051471722553970145,0.14215594196831183,3.352264411152552,3.352642098963528,12.291332489480997,33.58757585763281
2015-09-14 00:00:00-04:00,1773539968.0,0.28366242053030905,52.87766780585167,2.8521488189697264,-0.001982356744658187,-0.0013220450870679024,0.3526170798898072,0.3526170798898072,-0.04679729935305954,0.22302015564858713,3.3509414913928883,3.3506577747491573,12.593373783010668,33.889617151162476
2015-09-15 00:00:00-04:00,1773539968.0,0.27728476396884977,58.45716474216592,2.8901885986328124,0.013337235213703558,0.0016077018728197778,0.4073319755600815,0.4073319755600815,-0.022483262144968652,0.10551707682721956,3.3525479022965294,3.3639068520316036,12.935069478983817,34.23131284713563
2015-09-16 00:00:00-04:00,1773539968.0,0.4702412878462077,60.61759544583775,2.9802955627441405,0.03117684574423718,0.04267348744355681,1.0,1.0,0.6958785658307383,0.03695750064514303,3.3943359779559032,3.3946075707220427,13.68449029552587,34.98073366367768
2015-09-17 00:00:00-04:00,1773539968.0,0.6549383521506343,60.55340371557144,2.993515014648437,0.00443561775199397,0.008330342274032176,-0.32512539899680803,-0.32512539899680803,0.3927708371809999,-0.0010589620026031366,3.4026318144263956,3.3990333801150077,13.291261913866142,34.58750528201796
2015-09-18 00:00:00-04:00,1773539968.0,0.7460826838790444,58.845461329907344,2.9819135665893555,-0.003875526931487294,-0.002335043459207209,-0.08310810810810809,-0.08310810810810809,0.13916474952049707,-0.02820555544138459,3.400294040501879,3.3951503238693532,13.204496206942851,34.50073957509466
2015-09-21 00:00:00-04:00,1773539968.0,0.747973107520259,61.680636855236266,2.971662712097168,-0.0034376766003690884,0.0004503527957782083,-0.23176123802505522,-0.23176123802505522,0.0025337991110929714,0.048180020366124454,3.4007442919192727,3.3917067248820505,12.94084150078094,34.23708486893275
2015-09-22 00:00:00-04:00,1773539968.0,0.684640290335594,61.40554049301052,2.8945051193237306,-0.025964451638249897,-0.03184871431187397,0.3640287769784172,0.3640287769784172,-0.08467258588297522,-0.0044600117030469955,3.368377374870091,3.365399246167763,13.251284157471169,34.54752752562298
2015-09-23 00:00:00-04:00,1773539968.0,0.5969356895112664,58.61252587269473,2.895584487915039,0.00037290263682820957,-9.287527005874541e-05,-0.409985935302391,-0.409985935302391,-0.1281031836168114,-0.045484733102116426,3.368284495286858,3.365772079293683,12.723675253575188,34.019918621727
2015-09-24 00:00:00-04:00,1773539968.0,0.4716351691404175,59.767406778358236,2.92984619140625,0.011832396407083001,0.005668914457264362,1.0,1.0,-0.20990623039047496,0.019703653587151093,3.373937401918064,3.377535020244545,14.179736918055841,35.47598028620765
2015-09-25 00:00:00-04:00,1773539968.0,0.4629440541992189,70.99680055941337,2.9503496170043944,0.006998123539141643,0.014785995127039042,-0.39488675837154374,-0.39488675837154374,-0.018427622683521716,0.1878849089554493,3.3886151499420945,3.3845087705622943,13.67739725583464,34.973640623986455
2015-09-28 00:00:00-04:00,1773539968.0,0.40996832750558115,55.93568657351956,2.89477481842041,-0.01883668235916114,-0.006374453114232681,-0.3414466130884042,-0.3414466130884042,-0.11443224340632896,-0.21213792547299337,3.3822202932476153,3.365492418064709,13.259687568267548,34.55593093641936
2015-09-29 00:00:00-04:00,1773539968.0,0.39027114769065924,56.889435880025054,2.892076301574707,-0.0009322026806822814,-0.018330301710387187,-0.3737796373779637,-0.3737796373779637,-0.0480456135106041,0.017050819699011344,3.3637199099189794,3.36455978061289,12.791634615410182,34.087877983561995
2015-09-30 00:00:00-04:00,1773539968.0,0.32160599550100627,61.72018219961025,2.969774627685547,0.026865932295262684,0.0286623347535655,0.7394209354120267,0.7394209354120267,-0.175942168915031,0.08491464618796396,3.391979163990715,3.391071159995239,13.345186877507613,34.64143024565943
2015-10-01 00:00:00-04:00,1773539968.0,0.3237136333641246,59.555813211641855,2.946033096313477,-0.007994388244394357,-0.0035398155045668345,-0.19718309859154926,-0.19718309859154926,0.006553478145937541,-0.035067443271125986,3.3884330685149053,3.383044645293673,13.125558268300848,34.42180163645266
2015-10-02 00:00:00-04:00,1773539968.0,0.289372072164108,66.23052837573391,3.02615966796875,0.02719812338684835,-0.005191427343701593,0.009170653907496051,0.009170653907496051,-0.10608623690985552,0.1120749563165615,3.3832281188920152,3.4098794723246613,13.13468712709316,34.43093049524497
2015-10-05 00:00:00-04:00,1773539968.0,0.3649670485456444,63.7493206036516,3.0275083541870123,0.00044567582885246537,0.021790749826283484,-0.09008297115764519,-0.09008297115764519,0.2612379826988458,-0.03746320364539624,3.4047848439434056,3.4103250488695394,13.040285266368722,34.33652863452053
2015-10-06 00:00:00-04:00,1773539968.0,0.46094673202518566,56.84886913048581,3.0377593994140626,0.0033859676102538927,0.0060929786605266045,0.006079027355623046,0.006079027355623046,0.26298177838796755,-0.10824352962234596,3.4108593354659393,3.4137052969984802,13.046345890980414,34.342589259132225
2015-10-07 00:00:00-04:00,1773539968.0,0.598823866743024,60.0119067983353,3.084162139892578,0.015275317883129969,0.01433915371551886,-0.04963314630988347,-0.04963314630988347,0.29911728435967055,0.05563941229137459,3.4250966558317764,3.428865121856773,12.995438683830661,34.29168205198248
2015-10-08 00:00:00-04:00,1773539968.0,0.5248686227284479,63.78331457126049,3.110871505737305,0.008660169158829278,0.0014929360567887962,-0.09309718437783832,-0.09309718437783832,-0.12350082907819848,0.06284432497035408,3.4265884785674707,3.4374880068541356,12.897718699963852,34.19396206811567
2015-10-09 00:00:00-04:00,1773539968.0,0.6243424118054283,65.25319531020024,3.111410140991211,0.00017314609520613367,0.012624615276133344,-0.17626439659489235,-0.17626439659489235,0.1895213102278459,0.023044909923857215,3.439134067808632,3.4376611379612867,12.70381302974751,34.00005639789932
2015-10-12 00:00:00-04:00,1773539968.0,0.5833231544055951,78.77080243536861,3.1168058395385745,0.001734164993639986,-0.006320338368788314,-0.2036474164133738,-0.2036474164133738,-0.06569993744492963,0.2071562482252165,3.432793671541495,3.439393801026957,12.476099782743233,33.77234315089505
2015-10-13 00:00:00-04:00,1773539968.0,0.37876649901551296,74.53588276275285,3.095224380493164,-0.006924223117024675,-0.0007837973670865583,-0.20534351145038165,-0.20534351145038165,-0.3506746712266632,-0.05376255594311752,3.4320095668446524,3.4324454942388503,12.246254435163005,33.54249780331482
2015-10-14 00:00:00-04:00,1773539968.0,0.30305470421263164,73.33342170755692,3.111141014099121,0.005142319796350714,0.007411758534548563,0.14601344860710852,0.14601344860710852,-0.1998904206144705,-0.016132646594169242,3.4393939932665067,3.4375746374615557,12.382543788645952,33.67878715679777
2015-10-15 00:00:00-04:00,1773539968.0,0.3378620900593158,76.61393485573994,3.1861400604248047,0.024106604614127614,0.0179172048869507,1.0,1.0,0.11485512471128745,0.044734216293155216,3.4571525769349725,3.4613952647286954,13.535532069897526,34.831775438049334
2015-10-16 00:00:00-04:00,1773539968.0,0.40959721331331184,87.88289621549559,3.195043563842773,0.0027944482191977205,0.003911747614939287,-0.4667901561259592,-0.4667901561259592,0.2123207230541968,0.1470876203000735,3.4610566935590765,3.4641858157361507,12.90669184092882,34.20293520908063
2015-10-19 00:00:00-04:00,1773539968.0,0.4029705021525498,88.66410107055675,3.201248550415039,0.0019420663437850205,-0.001778786191414472,0.12853598014888346,0.12853598014888346,-0.016178604114899242,0.008889156920199648,3.459276323448924,3.466125998707123,13.027613040858519,34.32385640901033
2015-10-20 00:00:00-04:00,1773539968.0,0.4041809741092888,79.53495050758431,3.175349235534668,-0.008090379260621061,-0.003988111597933441,-0.29331574318381703,-0.29331574318381703,0.0030038723685059665,-0.10296332396927688,3.4552802381268033,3.4580027147336354,12.68044173228555,33.97668510043736
2015-10-21 00:00:00-04:00,1773539968.0,0.3606381890936915,82.80891580179905,3.165367126464844,-0.0031436255760834975,0.004515222099978233,-0.12632233976353457,-0.12632233976353457,-0.10773091215279107,0.04116385656017396,3.459785297192231,3.454854137586691,12.545397951133793,33.84164131928561
2015-10-22 00:00:00-04:00,1773539968.0,0.235350085573638,79.94367978696846,3.1977415084838867,0.010227686307969996,-0.00110242968822849,0.2443019943019944,0.2443019943019944,-0.3474066455216822,-0.03460057394892657,3.458682259381411,3.4650298750219757,12.763972676682092,34.06021604483391
2015-10-23 00:00:00-04:00,1773539968.0,0.07019496344358188,76.24235681522363,3.1842527389526367,-0.004218217606227093,0.002971753799139165,0.1888952489982827,0.1888952489982827,-0.7017423500293618,-0.046299131858928755,3.4616496062489475,3.4608027356376883,12.93699719042415,34.23324055857596
2015-10-26 00:00:00-04:00,1773539968.0,0.07096443769174769,74.1492952799693,3.1793964385986326,-0.0015250989014148342,-0.004655909042106776,-0.26624939817043813,-0.26624939817043813,0.010961958100943692,-0.027452739168687512,3.456982824701613,3.459276472589167,12.627411102794628,33.92365447094644
2015-10-27 00:00:00-04:00,1773539968.0,0.094138264513896,60.84481469469524,3.145134353637696,-0.010776285884008363,-0.004082258297950059,0.4540682414698163,0.4540682414698163,0.3265554913971105,-0.17942828094373175,3.4528922112408833,3.4484417019916007,13.001776414415211,34.298019782567025
2015-10-28 00:00:00-04:00,1773539968.0,0.17002656025496532,65.9718143758477,3.214198684692383,0.02195910358322406,0.01665242855967808,0.3980144404332131,0.3980144404332131,0.8061365496053654,0.08426354335827169,3.469407508398629,3.4701631769090677,13.336829387524851,34.633072755676665
2015-10-29 00:00:00-04:00,1773539968.0,0.16231674504012,64.61921868087842,3.207722854614258,-0.002014757242284393,-0.007560197911527289,-0.408650742414461,-0.408650742414461,-0.04534476968353629,-0.020502629915003068,3.461818587330797,3.4681463873131526,12.811480911782112,34.107724279933926
2015-10-30 00:00:00-04:00,1773539968.0,0.17082358828093425,60.031238013240284,3.1861400604248047,-0.0067283849533342766,0.0028776504246104118,-0.0873362445414847,-0.0873362445414847,0.05240890728009351,-0.0710002497909461,3.464692105245472,3.4613952647286954,12.720093160192684,34.016336528344496
2015-11-02 00:00:00-05:00,1773539968.0,0.1700256966635241,63.553468729056924,3.183711814880371,-0.0007621276837748159,-0.0012660351048748852,-0.004784688995215336,-0.004784688995215336,-0.004670851522554087,0.058673297975960326,3.4634252680410915,3.460632846477975,12.715296987929191,34.011540356081
2015-11-03 00:00:00-05:00,1773539968.0,0.17254546614239125,63.18844548204618,3.196391487121582,0.003982669594008836,-0.0043096236357855755,0.8515625,0.8515625,0.014819933270755481,-0.005743561355666116,3.459106331210156,3.4646076062379847,13.331326865144705,34.62757023329652
2015-11-04 00:00:00-05:00,1773539968.0,0.19095970883563712,50.79549654713789,3.1901876449584963,-0.0019408893397699911,0.011202977270703629,-0.22817267121064588,-0.22817267121064588,0.10672110432649506,-0.19612682097757128,3.4702470199108815,3.4626648309318036,13.072332443798764,34.36857581195058
2015-11-05 00:00:00-05:00,1773539968.0,0.12715574996710682,45.83750831059655,3.1731904983520507,-0.0053279457192138,-0.006378805421820788,-0.4386038687973086,-0.4386038687973086,-0.3341226233406527,-0.09760684654279062,3.4638477829776555,3.45732264109267,12.495003937382387,33.7912473055342
2015-11-06 00:00:00-05:00,1773539968.0,0.3140129958909027,34.446152428984206,3.0981903076171875,-0.023635577748582492,-0.02441092807518075,0.31385767790262165,0.31385767790262165,1.0,-0.24851603635224062,3.4391339688854736,3.4334032622876918,12.767971539480165,34.06421490763198
2015-11-09 00:00:00-05:00,1773539968.0,0.5257362190320171,34.587034248337204,3.0736404418945313,-0.007923937294070704,-0.014631959742154588,0.10490307867730908,0.10490307867730908,0.6742498747238894,0.004089914530902794,3.424393906219364,3.4254477637658125,12.867729158998749,34.16397252715056
2015-11-10 00:00:00-05:00,1773539968.0,0.6428060765437437,35.93629608347577,3.074990081787109,0.0004391014232445478,-0.004393079491663121,-0.3555211558307534,-0.3555211558307534,0.2226779386196276,0.03901062535315325,3.4199911487996517,3.425886768812239,12.428415876673615,33.724659244825425
2015-11-11 00:00:00-05:00,1773539968.0,0.6343830787527449,32.47774693287127,3.090906524658203,0.00517609567763011,0.011384485055282001,0.22497998398718977,0.22497998398718977,-0.013103481902796754,-0.0962411135129424,3.431311318277794,3.4310495145538518,12.631340380934517,33.92758374908633
2015-11-12 00:00:00-05:00,1773539968.0,0.6408668972193693,29.525239598441487,3.046932411193848,-0.014226930874015276,-0.008987616983119673,0.16993464052287588,0.16993464052287588,0.010220667422863983,-0.09090862554389512,3.422283069023743,3.4167204106688374,12.788288265382837,34.08453163353465
2015-11-13 00:00:00-05:00,1773539968.0,0.559293581768599,28.829424231249334,3.0339824676513674,-0.004250157796380827,-0.014968797904974851,0.021787709497206764,0.021787709497206764,-0.127285893224795,-0.023566798327654626,3.4072011079658138,3.4124611952785635,12.809842014938903,34.106085383090715
2015-11-16 00:00:00-05:00,1773539968.0,0.3140464218218224,42.67837736463504,3.091446876525879,0.018940257396739435,0.009654222817992997,-0.17769272826681248,-0.17769272826681248,-0.438494500815217,0.4803756406059019,3.416809026557042,3.43122431914168,12.614200871057822,33.91044423920963
2015-11-17 00:00:00-05:00,1773539968.0,0.33233434875788004,33.70217139116329,3.110871505737305,0.0062833456265807275,0.024789822815609153,0.4315159574468086,0.4315159574468086,0.05823319632163648,-0.21032210050492173,3.44129656721,3.4374880068541356,12.9729348639124,34.26917823206421
2015-11-18 00:00:00-05:00,1773539968.0,0.37964834875192327,40.87716879733224,3.144864082336425,0.010927026891476732,-0.002332641663442492,-0.16674407803065494,-0.16674407803065494,0.1423686723051114,0.21289421749395743,3.438961200699774,3.4483557651494254,12.790520409166778,34.08676377731859
2015-11-19 00:00:00-05:00,1773539968.0,0.5608608272984961,49.248222019161105,3.1807451248168945,0.011409409609146604,0.023120809838771184,0.052954292084726795,0.052954292084726795,0.4773166514283562,0.20478554332694365,3.4618187743807916,3.459700578318585,12.842120234049546,34.13836360220136
2015-11-20 00:00:00-05:00,1773539968.0,0.6525723383175013,45.965051198738706,3.15268783569336,-0.008820979997619105,-0.0021158914170067433,-0.07146638433033348,-0.07146638433033348,0.1635191950572712,-0.06666577362214232,3.4597006413029083,3.4508404631666587,12.767971539480165,34.06421490763198
2015-11-23 00:00:00-05:00,1773539968.0,0.6449730742530255,42.93802771754408,3.142436218261719,-0.0032517071038803413,-0.008990690470466078,0.011402508551881407,0.011402508551881407,-0.011645090694571314,-0.06585489197230976,3.450669290682855,3.4475834577744613,12.779309529417562,34.075552897569374
2015-11-24 00:00:00-05:00,1773539968.0,0.4744271603540264,43.181852417578774,3.1383893966674803,-0.0012877975281473386,-0.009500121058016897,-0.3399098083427283,-0.3399098083427283,-0.2644233080528464,0.005678525842840898,3.4411237556202177,3.446294830322485,12.363930730145754,33.66017409829757
2015-11-25 00:00:00-05:00,1773539968.0,0.29392337722933565,47.31943060325571,3.1529561996459963,0.004641489992919023,0.012528647545964056,-0.014517506404782221,-0.014517506404782221,-0.38046679913939885,0.0958175241225312,3.453574569091068,3.45092558181633,12.349306813616082,33.645550181767895
2015-11-27 00:00:00-05:00,1773539968.0,0.2727424684627999,59.982790523939784,3.15997200012207,0.002225149996331055,0.0004272220614465194,-0.511265164644714,-0.511265164644714,-0.07206268846730479,0.2676143765730943,3.4540016999191536,3.453148259832746,11.633371618046096,32.929614986197905
2015-11-30 00:00:00-05:00,1773539968.0,0.21254577642111452,57.57320462744823,3.1224712371826167,-0.011867435198161469,0.0014498372813489535,1.0,1.0,-0.22070890676086918,-0.040171287054907245,3.4554504872011944,3.4412098444984762,13.3284014608156,34.62464482896741
2015-12-01 00:00:00-05:00,1773539968.0,0.19905866172351516,61.9081715418786,3.1605100631713867,0.012182282269185052,-0.010051332359872656,-0.38411458333333337,-0.38411458333333337,-0.06345510564687717,0.0752948692448443,3.4453482991348316,3.453318519963296,12.84370711615986,34.13995048431167
2015-12-02 00:00:00-05:00,1773539968.0,0.16357475098261215,54.21701899517474,3.123011779785156,-0.011864630276988697,0.0028399600546911152,-0.2383720930232558,-0.2383720930232558,-0.17825856174090426,-0.12423485228442066,3.4481842341218534,3.4413829432331684,12.571409962547559,33.86765333069937
2015-12-03 00:00:00-05:00,1773539968.0,0.1680843389565077,55.79874339674792,3.0898283004760745,-0.010625473628973703,-0.0019734437348871703,0.7078417765440665,0.7078417765440665,0.02756897349258325,0.02917394631589687,3.4462088405812352,3.4307006161708693,13.106640416939092,34.40288378509091
2015-12-04 00:00:00-05:00,1773539968.0,0.33633667099214914,60.22811335320784,3.111410140991211,0.006984802525050071,-0.022008517319731746,-0.1828524989841528,-0.1828524989841528,1.0,0.07938117754669838,3.423954522680112,3.4376611379612867,12.904704756320688,34.200948124472504
2015-12-07 00:00:00-05:00,1773539968.0,0.32524628877888623,54.11183225568635,3.118424987792969,0.0022545554857396066,0.01828426155619889,0.26305320735952264,0.26305320735952264,-0.032974050021211565,-0.10155192910746758,3.4420736371499476,3.4399131557503435,13.138236726560619,34.434480094712434
2015-12-08 00:00:00-05:00,1773539968.0,0.36479148329936056,44.226221474733855,3.0695934295654297,-0.015659045325345122,-0.015970563051103226,1.0,1.0,0.12158538278467046,-0.18268852428137228,3.4259741703710738,3.4241302124567694,13.836097191572662,35.132340559724476
2015-12-09 00:00:00-05:00,1773539968.0,0.35579600174306486,35.825464036164945,3.0466630935668944,-0.007470154118026429,-0.0028945484119646814,-0.3844043887147336,-0.3844043887147336,-0.024659242246929614,-0.18994969858250732,3.4230754246523594,3.4166320170014473,13.350932185363604,34.64717555351542
2015-12-10 00:00:00-05:00,1773539968.0,0.43683497822253353,25.707357091801626,3.014018440246582,-0.01071488783556096,-0.012317744530353836,0.13621896880967532,0.13621896880967532,0.22776809205964677,-0.28242779867831813,3.4106811879168437,3.405859311376907,13.478638241321722,34.77488160947353
2015-12-11 00:00:00-05:00,1773539968.0,0.6127742834298184,22.739718214852658,2.9411767959594726,-0.024167617329225788,-0.024318590527653616,1.0,1.0,0.40275919735909405,-0.1154392832507618,3.3860620173386966,3.38139486499219,15.21150769454555,36.50775106269736
2015-12-14 00:00:00-05:00,1773539968.0,0.6389778737142654,27.352551905702143,2.96195011138916,0.00706292646474882,0.00027384949455067087,-0.5455310720475366,-0.5455310720475366,0.04276222255571871,0.20285359947145554,3.386335829343319,3.3884329658177155,14.422881961502815,35.71912532965463
2015-12-15 00:00:00-05:00,1773539968.0,0.6367056596658198,30.164862703080075,2.9762487411499023,0.004827437743047058,0.015881810850209233,-0.3636957942906951,-0.3636957942906951,-0.003556013661690005,0.10281712679216803,3.402092843829656,3.393248788847718,13.97080344237031,35.267046810522125
2015-12-16 00:00:00-05:00,1773539968.0,0.47820050082727134,36.608943919414074,3.0323644638061524,0.01885451369718827,0.003055024732575129,-0.1589041095890411,-0.1589041095890411,-0.24894573565082057,0.2136287268987307,3.4051432114568105,3.411927759290855,13.797753836375016,35.09399720452683
2015-12-17 00:00:00-05:00,1773539968.0,0.3938902435666239,31.82803243086053,2.979756164550781,-0.017348936740057552,-0.0012541694764605094,0.636400651465798,0.636400651465798,-0.17630733785262342,-0.13059408375935644,3.4038882548516147,3.3944265661873465,14.290252941557183,35.586496309709
2015-12-18 00:00:00-05:00,1773539968.0,0.3009209409945602,31.553442115338427,2.937940216064453,-0.014033345742782255,-0.013990896968675282,-0.43269470017417266,-0.43269470017417266,-0.23602844724012206,-0.008627310410047828,3.3897985627127865,3.380293822024216,13.723395269056468,35.01963863720828
2015-12-21 00:00:00-05:00,1773539968.0,0.24795139822740883,26.689941749666474,2.942796516418457,0.0016529609171249682,0.004184157739641314,-0.1712719298245614,-0.1712719298245614,-0.17602478110059117,-0.15413533483587072,3.3939739912056583,3.3819454183050306,13.535532069897526,34.831775438049334
2015-12-22 00:00:00-05:00,1773539968.0,0.2759273974041577,30.88679659744635,2.954396438598633,0.003941802335111433,-0.01231910297539529,-0.17808944165123053,-0.17808944165123053,0.11282855985789064,0.15724481106566368,3.381578379082493,3.385879472092804,13.339408370256669,34.635651738408484
2015-12-23 00:00:00-05:00,1773539968.0,0.2533641036964358,41.99303270977416,3.014827919006348,0.020454763490163064,0.015590611093255324,-0.3238892466194462,-0.3238892466194462,-0.08177257466996979,0.35957876296067726,3.3970487051985603,3.406127846587922,12.948009990259552,34.24425335841136
2015-12-24 00:00:00-05:00,1773539968.0,0.25596625843826587,39.22759284527532,3.0150978088378904,8.952080808355412e-05,0.005779313797174224,-0.5433333333333333,-0.5433333333333333,0.010270415989740211,-0.06585473079812043,3.402811382828065,3.406217363389257,12.164208441431475,33.46045180958329
2015-12-28 00:00:00-05:00,1773539968.0,0.23367762755571744,37.956243931010675,3.0115909576416016,-0.001163096993407442,-0.0034115658043629704,0.42648592283628783,0.42648592283628783,-0.0870764413190187,-0.03240955720324723,3.3993939843636363,3.4050535894736065,12.519422464730532,33.815665832882345
2015-12-29 00:00:00-05:00,1773539968.0,0.2674252993267919,45.62551002688232,3.0331735610961923,0.007166512238266254,0.009819739132126859,0.11695906432748537,0.11695906432748537,0.14441978089249363,0.20205545390137414,3.4091658231812434,3.4121945442954225,12.630032336274503,33.92627570442632
2015-12-30 00:00:00-05:00,1773539968.0,0.2952908997570214,46.90207297790335,3.0215732574462892,-0.0038244773720468306,0.0015168181835230055,-0.05955497382198949,-0.05955497382198949,0.1041995671328686,0.027979149170472617,3.4106814921580106,3.408362734909741,12.568630252627061,33.86487362077887
2015-12-31 00:00:00-05:00,1773539968.0,0.2939041817490949,45.86322311784743,2.979756164550781,-0.013839509862107469,-0.004899566592423521,-0.3938761308281141,-0.3938761308281141,-0.004696108173558922,-0.02214933784579942,3.405769883338626,3.3944265661873465,12.06795934340054,33.36420271155235
2016-01-04 00:00:00-05:00,1773539968.0,0.26537506631219737,48.41821452883401,2.928767204284668,-0.01711178950570269,-0.020947041885327145,1.0,1.0,-0.09706944374562432,0.055708937080619414,3.3846003395145416,3.3771666780922622,13.588860867320777,34.88510423547259
2016-01-05 00:00:00-05:00,1773539968.0,0.4144139648368338,46.42860208896087,2.9349720001220705,0.0021185691468836865,-0.011337815560056197,-0.2890115403913698,-0.2890115403913698,0.5616160575888518,-0.04109223066638035,3.3731977609442865,3.379283006236119,13.247761786798662,34.544005154950476
2016-01-06 00:00:00-05:00,1773539968.0,0.501602158557511,43.60854961453613,2.9290372848510744,-0.002022068786601383,-0.0019419111820605517,-0.2949894142554693,-0.2949894142554693,0.21038913047972607,-0.06073955164580014,3.371253961808151,3.3772588903083234,12.898219325756536,34.19446269390835
2016-01-07 00:00:00-05:00,1773539968.0,0.6129920171383242,27.666976919127734,2.862939453125,-0.022566401618692722,-0.011212347857841642,0.4254254254254255,0.4254254254254255,0.22206814041858203,-0.36556071771060594,3.3599782817311588,3.3544339708336586,13.252689639079904,34.54893300723172
2016-01-08 00:00:00-05:00,1773539968.0,0.6300595902712325,28.68723523507873,2.823821449279785,-0.01366358055617145,-0.004216766893505586,0.6123595505617978,0.6123595505617978,0.027843059380423973,0.0368763930708178,3.355752599203876,3.340676184450469,13.73038830454744,35.02663167269925
2016-01-11 00:00:00-05:00,1773539968.0,0.512828499860268,40.599853429385206,2.8686059951782226,0.015859552986206005,0.005082031752996263,0.01633275261324041,0.01633275261324041,-0.1860634965662502,0.4152584972615183,3.36082176101871,3.356411288801589,13.746589112497853,35.042832480649665
2016-01-12 00:00:00-05:00,1773539968.0,0.2919438470934817,42.08266895002729,2.8829042434692385,0.0049843890429879245,0.0012171213556768645,-0.5050353546175272,-0.5050353546175272,-0.4307183645740661,0.03652268162054151,3.3620381422826497,3.361383296901426,13.043320170063875,34.339563538215685
2016-01-13 00:00:00-05:00,1773539968.0,0.18118844616196092,36.68683328188546,2.8472929000854488,-0.012352593210288254,0.001683362058844562,0.2194805194805194,0.2194805194805194,-0.3793722732442325,-0.12821990151217177,3.363720089075631,3.3489537762529475,13.24174513442441,34.53798850257622
2016-01-14 00:00:00-05:00,1773539968.0,0.22553477058113292,24.675318362457347,2.83596134185791,-0.0039797655615966265,-0.01792572558660699,0.4007809726659566,0.4007809726659566,0.2447524958602032,-0.3274066973057317,3.345631751446565,3.3449660703502557,13.578775053130597,34.87501842128241
2016-01-15 00:00:00-05:00,1773539968.0,0.5046996299431915,19.75459968363161,2.749091529846192,-0.030631521921524962,-0.031751956889598976,0.08895083628991385,0.08895083628991385,1.0,-0.19941865010797355,3.3133647697990503,3.3138555973108215,13.663989750323031,34.96023311847485
2016-01-19 00:00:00-05:00,1773539968.0,0.5290337338730067,24.357398215916177,2.774720573425293,0.00932273200104583,0.01944028220939753,-0.2508727018850361,-0.2508727018850361,0.04821502233428254,0.2329988258936162,3.3326185035487623,3.32313514086128,13.375143397846845,34.671386765998655
2016-01-20 00:00:00-05:00,1773539968.0,0.6596268989493421,19.434788175017957,2.747203254699707,-0.00991714949214395,-0.02436657030303735,0.18918918918918926,0.18918918918918926,0.24685224535735184,-0.2020991732065034,3.307950156103377,3.3131684888878583,13.548415119120882,34.844658487272696
2016-01-21 00:00:00-05:00,1773539968.0,0.7118707640290585,21.14148303854688,2.7542177200317384,0.002553311379502654,-0.005034482155455433,-0.06948798328108674,-0.06948798328108674,0.0792021446713751,0.08781648907924611,3.3029029582467007,3.3157185461059417,13.476394830397643,34.77263819854946
2016-01-22 00:00:00-05:00,1773539968.0,0.6126012179799034,31.131539899079698,2.8025089263916017,0.01753354718787703,0.029864083365867655,-0.062043795620437936,-0.062043795620437936,-0.13944883125598184,0.47253339996622423,3.3323297938838197,3.333100154106265,13.412342808904793,34.7085861770566
2016-01-25 00:00:00-05:00,1773539968.0,0.43472852281195096,33.89620225964063,2.78982925415039,-0.004524400304957155,-0.0015414716743282764,-0.2777611493564801,-0.2777611493564801,-0.29035641775982823,0.0888058338753317,3.330787132919702,3.32856548772532,13.086943432173069,34.38318680032488
2016-01-26 00:00:00-05:00,1773539968.0,0.3770255573921605,40.41708728361224,2.843245506286621,0.01914678185296248,0.004727626812085051,0.09987567343555748,0.09987567343555748,-0.13273333216452154,0.19237804205976983,3.3355036196012717,3.3475312765904235,13.182140581440189,34.478383949592
2016-01-27 00:00:00-05:00,1773539968.0,0.4938916628366884,43.100617676460665,2.861321830749512,0.006357637574005759,0.020071423448332126,-0.11115297663903545,-0.11115297663903545,0.30996865637670945,0.06639593729300008,3.3553762674345173,3.353868789637928,13.064310445955712,34.360553814107526
2016-01-28 00:00:00-05:00,1773539968.0,0.7421205589338367,55.791937015350534,2.9187854766845702,0.020082902006170356,0.024006618168040283,1.0,1.0,0.5025978666483957,0.2944579456878924,3.3790992570856746,3.3737526901079913,13.782574057718008,35.07881742586982
2016-01-29 00:00:00-05:00,1773539968.0,0.8369383703573854,66.47612608309018,2.994864082336425,0.026065158354245277,0.007262948640519351,-0.163290615957007,-0.163290615957007,0.12776604863200158,0.19150059380085716,3.3863359575309535,3.399483942007955,13.604295577515337,34.90053894566715
2016-02-01 00:00:00-05:00,1773539968.0,0.7524643664261712,64.1467124111343,3.005924797058105,0.0036932276115353435,0.0023730510208224143,0.006422924901185789,0.006422924901185789,-0.10093216767579016,-0.035041357088773206,3.3887061973127994,3.4031703663998085,13.610697963334788,34.9069413314866
2016-02-02 00:00:00-05:00,1773539968.0,0.7566709946260324,59.13002999228837,2.9746307373046874,-0.010410792639937272,0.004735223082076301,-0.061855670103092786,-0.061855670103092786,0.005590468316580388,-0.07820638393270418,3.3934302444924316,3.3927050023734857,13.546846491348255,34.84308985950007
2016-02-03 00:00:00-05:00,1773539968.0,0.7206521556701343,65.72215541823181,3.0029579162597657,0.009522922828648417,0.015316336595492253,0.008634222919937207,0.008634222919937207,-0.047601717538676924,0.1114852373117885,3.408630470100208,3.4021828679975314,13.555443652545467,34.85168702069728
2016-02-04 00:00:00-05:00,1773539968.0,0.4738635151217307,60.664050164017475,2.9503496170043944,-0.01751882667769633,-0.024279432705784587,-0.18443579766536966,-0.18443579766536966,-0.3424518175747562,-0.07696195022860097,3.38405143253652,3.3845087705622943,13.351568520097134,34.647811888248945
2016-02-05 00:00:00-05:00,1773539968.0,0.29842179911853495,68.09718622702756,2.9220224380493165,-0.009601295653848596,-0.003293342178825154,-0.2958015267175572,-0.2958015267175572,-0.37023680955501836,0.1225295054140485,3.3807526553702116,3.374861085296943,13.000873479816619,34.29711684796843
2016-02-08 00:00:00-05:00,1773539968.0,0.4233180913116464,66.66681960547626,2.927149200439453,0.0017545253326525234,-0.01964175976860827,1.0,1.0,0.41852268353727684,-0.021004783028518048,3.3609154325116317,3.376614073248011,15.212200695266285,36.5084440634181
2016-02-09 00:00:00-05:00,1773539968.0,0.5007495441704416,71.69930609964211,2.9387493133544917,0.003962938723211407,0.0010296747029956421,-0.6379830768469494,-0.6379830768469494,0.1829155295935374,0.07548712423882398,3.3619445774632473,3.3805691802139246,14.196136376058792,35.4923797442106
2016-02-10 00:00:00-05:00,1773539968.0,0.5242077596136485,63.05661706176465,2.8823644638061525,-0.019186682338677596,0.004115236594363525,-0.0363586659376709,-0.0363586659376709,0.04684620428775155,-0.12054076263815627,3.366051369630779,3.361196044687498,14.15910026235435,35.455343630506164
2016-02-11 00:00:00-05:00,1773539968.0,0.5491167633169698,60.44740686860551,2.8982828140258787,0.005522670855685696,-0.011083874027301599,-0.01248226950354614,-0.01248226950354614,0.0475174265289009,-0.04137884832298233,3.354905611771808,3.366703521511913,14.14653943491942,35.44278280307123
2016-02-12 00:00:00-05:00,1773539968.0,0.31634484091765913,65.31630323051456,2.9387493133544917,0.013962232785834638,0.0076289775135647275,-0.27951738006320026,-0.27951738006320026,-0.4239024155686655,0.08054764652671653,3.362505635800174,3.3805691802139246,13.818705448860793,35.1149488170126
2016-02-16 00:00:00-05:00,1773539968.0,0.3476788789955431,64.38756194233773,2.9794872283935545,0.013862330772461018,0.025799362896103295,0.11503189792663471,0.11503189792663471,0.09905025789891053,-0.014219134308613879,3.38797781069298,3.39433630769657,13.927588461369625,35.22383182952144
2016-02-17 00:00:00-05:00,1773539968.0,0.4547742586533892,65.18096523984872,3.008352279663086,0.009687925826449728,0.008109484036470382,0.032361880922581854,0.032361880922581854,0.3080295816854004,0.01232230688003888,3.3960545895595082,3.403977606473997,13.959437726770917,35.25568109492273
2016-02-18 00:00:00-05:00,1773539968.0,0.4892313474340173,57.100305915663185,2.982994079589844,-0.008429265496819327,-0.0049709902560500785,0.008659508139937655,0.008659508139937655,0.0757674563258206,-0.1239726858056005,3.391071202832508,3.3955126138079073,13.96805995642456,35.26430332457637
2016-02-19 00:00:00-05:00,1773539968.0,0.4674522133408274,46.2645233539069,2.965457534790039,-0.005878839961431015,-0.008176082585060196,-0.41655219780219777,-0.41655219780219777,-0.04451704537622103,-0.18976750453422564,3.382861512773884,3.389616425441083,13.429259668779913,34.72550303693173
2016-02-22 00:00:00-05:00,1773539968.0,0.4457123040378589,42.63624788542752,2.946843147277832,-0.006277071006354884,9.178702753254164e-05,0.7407298410829899,0.7407298410829899,-0.0465072336434047,-0.07842457255474966,3.382953295589245,3.3833195707921813,13.983564142960525,35.27980751111234
2016-02-23 00:00:00-05:00,1773539968.0,0.3221632595909466,43.04133446798052,2.9193246841430662,-0.009338285670272617,-0.006502571782438182,0.1345731191885038,0.1345731191885038,-0.2771946013777039,0.009500990416453803,3.3764294899872365,3.3739374099728705,14.109820616706276,35.406063984858086
2016-02-24 00:00:00-05:00,1773539968.0,0.341513885732767,37.41151941360438,2.906914710998535,-0.004250973936519853,-0.015947659622321142,-0.23021904336164511,-0.23021904336164511,0.06006465841694686,-0.13080019762315442,3.3603532980834685,3.369677374958592,13.848171340203823,35.14441470835563
2016-02-25 00:00:00-05:00,1773539968.0,0.3483102638854756,49.487714039057536,2.946573829650879,0.013643027950662079,0.012552983759556158,-0.43205574912891986,-0.43205574912891986,0.01990073738327225,0.3227934821877818,3.372828146351946,3.3832281747045823,13.282439325250964,34.578682693402776
2016-02-26 00:00:00-05:00,1773539968.0,0.3030307571689081,50.63676997055521,2.926609230041504,-0.006775530077839709,0.014987297365939956,-0.1397409679618269,-0.1397409679618269,-0.12999762399036108,0.023219014129260307,3.38770424385698,3.3764295865098264,13.13191759020914,34.428160958360955
2016-02-29 00:00:00-05:00,1773539968.0,0.2639146495558082,50.525495041753516,2.9309259414672852,0.001474987292963581,-0.014036918972129442,0.15015847860538822,0.15015847860538822,-0.12908296167209443,-0.0021975123781867723,3.3735678755998637,3.3779034870775058,13.271817330572667,34.56806069872448
2016-03-01 00:00:00-05:00,1773539968.0,0.35974088470747395,58.83821634449363,3.0150978088378904,0.028718524129090373,0.025422741161642337,1.0,1.0,0.3630955512054743,0.16452528165969693,3.3986728335657967,3.406217363389257,14.191752807395535,35.487996175547345
2016-03-02 00:00:00-05:00,1773539968.0,0.4901408683041232,67.09411995749977,3.0118608474731445,-0.0010735841985813899,0.009646761145227334,-0.492723778143877,-0.492723778143877,0.3624830791826317,0.14031532779084266,3.4082733618047945,3.4051432024863626,13.513053199930338,34.809296568082154
2016-03-03 00:00:00-05:00,1773539968.0,0.5450406527048842,68.00549147636309,3.038568687438965,0.00886755441846776,-0.0022325556592908136,-0.38755074424898517,-0.38755074424898517,0.11200817550822295,0.013583478245792868,3.40603831027765,3.4139716710382357,13.022764012181574,34.31900738033339
2016-03-04 00:00:00-05:00,1773539968.0,0.5710562613918493,69.82371754909491,3.102507781982422,0.021042504257933192,0.01888325538197999,1.0,1.0,0.04773150141710869,0.026736459560236847,3.4247454901255785,3.434795839381618,13.91300017924153,35.20924354739334
2016-03-07 00:00:00-05:00,1773539968.0,0.5772768761965684,62.79072354044031,3.0803857803344727,-0.007130361372958083,0.0026351444055767725,-0.5945210449927432,-0.5945210449927432,0.0108931732743065,-0.10072500083813951,3.4273771686255756,3.4276399354913303,13.010313873595706,34.30655724174752
2016-03-08 00:00:00-05:00,1773539968.0,0.559068392375022,58.89612823395928,3.0744491577148443,-0.0019272334840423344,-0.00700878730545107,0.02281879194630876,0.02281879194630876,-0.031542028742800765,-0.062025010811871284,3.4203437043992535,3.425710842503321,13.032876210902792,34.329119579054606
2016-03-09 00:00:00-05:00,1773539968.0,0.34080872445664917,65.24276535198919,3.0946834564208983,0.006581438712453425,0.00414664151465427,0.29396325459317585,0.29396325459317585,-0.3903988687165213,0.1077598359745906,3.4244817722889764,3.432270718107155,13.290586009818782,34.586829377970595
2016-03-10 00:00:00-05:00,1773539968.0,0.3034299064153354,67.27402246797755,3.0882089614868162,-0.0020921347935113355,0.00843444205910271,1.0,1.0,-0.1096768226837701,0.03113382924573438,3.432880843193124,3.4301763917424046,14.048683644915663,35.344927013067476
2016-03-11 00:00:00-05:00,1773539968.0,0.39499694249655,76.04212919964355,3.159162139892578,0.022975510818931566,0.015682283732316504,-0.25201964200855376,-0.25201964200855376,0.30177327331696,0.13033421237506104,3.4484414305826583,3.4528919398319418,13.758305084193495,35.05454845234531
2016-03-14 00:00:00-04:00,1773539968.0,0.43467771811673633,79.57046999581407,3.149719619750977,-0.0029889317874397525,0.009092400642447318,-0.12325285895806859,-0.12325285895806859,0.10045843739798799,0.04639981590871933,3.457492744215621,3.449898532267133,13.626768433367397,34.92301180151921
2016-03-15 00:00:00-04:00,1773539968.0,0.4430063112691865,82.77985029017907,3.1626684188842775,0.004111095810592769,-0.009520872781815237,-0.4444444444444444,-0.4444444444444444,0.019160386661948525,0.040333810954413574,3.447926258174973,3.4540012006128586,13.038981768465277,34.33522513661709
2016-03-16 00:00:00-04:00,1773539968.0,0.4278066679009176,80.9798507450598,3.1654090881347656,0.04701430866500478,-0.0036844408231634374,0.22086956521739132,0.22086956521739132,-0.03431021857165606,-0.02174441653143233,3.4442350130812898,3.4999437987545843,13.238545131693739,34.53478849984555
2016-03-17 00:00:00-04:00,1773539968.0,0.41536465096239567,87.98617922836472,3.2251697540283204,-0.026028386475896892,0.01863943536482715,0.25712250712250717,0.25712250712250717,-0.029083270252822646,0.08651940475121633,3.4627028630612138,3.4735706787645144,13.467370516475379,34.76361388462719
2016-03-18 00:00:00-04:00,1773539968.0,0.3906355731274246,78.07161840036088,3.176475715637207,-0.01509813191392273,0.007198117264251014,-0.1524079320113314,-0.1524079320113314,-0.05953582659880674,-0.11268316132095002,3.469875197530512,3.458357409682885,13.302014705642405,34.59825807379421
2016-03-21 00:00:00-04:00,1773539968.0,0.29578327526171083,69.05881389252963,3.1571083068847656,-0.006097137357952809,-0.02006214206829182,-0.1427139037433155,-0.1427139037433155,-0.2428153102041557,-0.11544277795821367,3.449609077928709,3.4522416088818964,13.148031124152906,34.44427449230472
2016-03-22 00:00:00-04:00,1773539968.0,0.3169896349403939,64.27139640981054,3.126120376586914,-0.00981528895612338,-0.006062865581950794,-0.17894736842105263,-0.17894736842105263,0.07169560097649041,-0.06932377220045138,3.4435277585508293,3.442377832437103,12.950863059241957,34.24710642739377
2016-03-23 00:00:00-04:00,1773539968.0,0.3221399522942255,63.39790958998662,3.1432750701904295,0.00548753455944806,0.0029175028080965504,-0.16476733143399813,-0.16476733143399813,0.01624758915161384,-0.013590599685345928,3.4464410137072927,3.4478503653351797,12.770818111285594,34.067061479437406
2016-03-24 00:00:00-04:00,1773539968.0,0.34490267495359495,55.02577974521196,3.1360811233520507,-0.0022886787435829614,-0.0051124619869461485,-0.07333712336554865,-0.07333712336554865,0.07066097358386392,-0.13205687535945176,3.441315438373143,3.445559063563458,12.694652660348845,33.99089602850066
2016-03-28 00:00:00-04:00,1773539968.0,0.3317023999301262,61.3299760815967,3.155448341369629,0.0061756112982425115,0.012403604304528137,-0.34846625766871164,-0.34846625766871164,-0.03827246345724866,0.1145680509313145,3.4536427482142,3.451715683921252,12.266226568349921,33.562469936501735
2016-03-29 00:00:00-04:00,1773539968.0,0.2993355618680684,65.50062106983454,3.1842227935791017,0.009118974261826507,-0.0028876232821923864,0.8521657250470809,0.8521657250470809,-0.09757794356892169,0.06800336890216596,3.450750947704453,3.460793331385954,12.882582184937096,34.178825553088906
2016-03-30 00:00:00-04:00,1773539968.0,0.3334652759288549,68.36453551378145,3.2365127563476563,0.01642157793543708,0.02246752698589738,0.27656329435688876,0.27656329435688876,0.11401824042486819,0.043723470055245794,3.4729697976859626,3.4770815333917318,13.12675372570562,34.42299709385743
2016-03-31 00:00:00-04:00,1773539968.0,0.49889442812695284,69.17760052140646,3.234576797485352,-0.0005981619749549916,0.009270632524325473,-0.17522899243329348,-0.17522899243329348,0.4960910899562221,0.011893081720142806,3.4821977216505773,3.4764831924465303,12.934104227943621,34.230347596095434
2016-04-01 00:00:00-04:00,1773539968.0,0.469453259099327,59.03578545062557,3.218252944946289,-0.005046673355152298,-0.021092072834178355,-0.050217286335103806,-0.050217286335103806,-0.05901282389173923,-0.14660547625734122,3.4608800329373826,3.471423741628151,12.882582184937096,34.178825553088906
2016-04-04 00:00:00-04:00,1773539968.0,0.4998040748517744,63.045188976199604,3.2376197814941405,0.006017810557204184,0.019374440891287925,0.29893238434163694,0.29893238434163694,0.06465141132618224,0.06791479938769163,3.4800691788484976,3.4774235174801955,13.144124869185841,34.44036823733765
2016-04-05 00:00:00-04:00,1773539968.0,0.40128098699073933,60.73815153695898,3.233193206787109,-0.0013672311777723767,-0.007841093666504206,-0.1816046966731898,-0.1816046966731898,-0.19712341859208293,-0.03659339398778805,3.472197182158717,3.476055350789071,12.94371506597667,34.23995843412848
2016-04-06 00:00:00-04:00,1773539968.0,0.36272915032411934,59.299534962879825,3.227107620239258,-0.0018822217413659859,-0.010050352308580313,-0.030607364897178413,-0.030607364897178413,-0.0960719244530508,-0.023685550805802258,3.4620959840939975,3.474171355442468,12.912629513000036,34.20887288115185
2016-04-07 00:00:00-04:00,1773539968.0,0.2602239627228427,47.36838980367333,3.2099525451660162,-0.005315929027483013,0.010846517007760959,0.10458806117414898,0.10458806117414898,-0.28259429248981605,-0.20120132757660114,3.4728840995588612,3.468841246589316,13.012101983146792,34.308345351298605
2016-04-08 00:00:00-04:00,1773539968.0,0.30742348306981704,64.48234932884837,3.260860824584961,0.015859511535648574,0.01236173908026128,0.39973202322465395,0.39973202322465395,0.18138037655373518,0.3612949394333831,3.485170056238269,3.484576310137002,13.348382789464003,34.64462615761582
2016-04-11 00:00:00-04:00,1773539968.0,0.41843821472033754,71.21206582068925,3.2810577392578124,0.006193737101742869,0.012210638145000008,0.2629227823867262,0.2629227823867262,0.36111337540635646,0.10436524974486483,3.497306745904809,3.4907509448851615,13.581811492710548,34.878054860862356
2016-04-12 00:00:00-04:00,1773539968.0,0.3773933658192311,79.32488132082952,3.279950714111328,-0.0003373988617264567,-0.009885390503862057,-0.386811520970187,-0.386811520970187,-0.0980905841225298,0.11392473180834561,3.487372170518622,3.490413489091633,13.092728572274638,34.38897194042645
2016-04-13 00:00:00-04:00,1773539968.0,0.43286940617171277,75.65748694550538,3.2727561950683595,-0.0021934838874303475,0.009391360520962788,0.5274000824062628,0.5274000824062628,0.14699792147129132,-0.04623258571911826,3.4967197063818087,3.4882175959947346,13.51629556969877,34.81253893785058
2016-04-14 00:00:00-04:00,1773539968.0,0.4269331296981799,79.23704460492826,3.288803482055664,0.004903294358280075,-0.0032689900554432327,-0.11707580253574323,-0.11707580253574323,-0.013713781544491987,0.04731266929340605,3.493445361505285,3.4931089083567732,13.391779641049217,34.68802300920103
2016-04-15 00:00:00-04:00,1773539968.0,0.3026997364753454,80.78407650845698,3.3291976928710936,0.012282342510225419,0.005634523026181393,0.0061106018942866935,0.0061106018942866935,-0.29099028531859594,0.019524099002456996,3.499064069983746,3.505316434885619,13.3978716489244,34.694115017076214
2016-04-18 00:00:00-04:00,1773539968.0,0.23117615931661012,82.40557152157407,3.3839801788330077,0.01645516157818494,0.006606907040264787,-0.20285453993319158,-0.20285453993319158,-0.2362855613670507,0.02007196322838878,3.505649247073024,3.5216376774020173,13.17115354157376,34.46739690972557
2016-04-19 00:00:00-04:00,1773539968.0,0.4663015487989673,80.97068170196604,3.4130294799804686,0.008584359131051045,0.02508886312682379,0.4072380952380952,0.4072380952380952,1.0,-0.01741253404489007,3.530428551639024,3.5301854004378517,13.512782527307222,34.80902589545904
2016-04-20 00:00:00-04:00,1773539968.0,0.5150978801681831,74.73094832453476,3.387299346923828,-0.007538796019068594,-0.010211425189599166,-0.26123443421765025,-0.26123443421765025,0.10464544133490117,-0.07706163819144152,3.5201646321805935,3.522618044065079,13.210007887256376,34.50625125540819
2016-04-21 00:00:00-04:00,1773539968.0,0.46993740966326364,60.43471310533629,3.297934341430664,-0.026382376147038977,-0.02341760118040226,0.028581898131183614,0.028581898131183614,-0.08767357087583871,-0.1913027405608997,3.4964684817469496,3.495881408331292,13.23818894290992,34.53443231106173
2016-04-22 00:00:00-04:00,1773539968.0,0.4714848295939363,59.88242457028645,3.3120449066162108,0.0042786070687586,-0.0001675933624905035,-0.4054150338439615,-0.4054150338439615,0.0032928213392959815,-0.009138597780504298,3.496300874339122,3.5001508881860732,12.718297290209872,34.01454065836168
2016-04-25 00:00:00-04:00,1773539968.0,0.43749833083432776,64.16486357233622,3.3491184234619142,0.011193542929216926,0.007630850248209198,0.5146794487717197,0.5146794487717197,-0.07208397094956209,0.07151412176077288,3.503902756921525,3.5112822470235474,13.133501121814785,34.429744489966595
2016-04-26 00:00:00-04:00,1773539968.0,0.4235827666472504,65.20513922269498,3.3499481201171877,0.0002477358368282445,0.009570435138756439,0.04193037974683533,0.04193037974683533,-0.03180712520786033,0.016212543632793786,3.513427685560195,3.5115299521789205,13.174576248851263,34.47081961700307
2016-04-27 00:00:00-04:00,1773539968.0,0.4247958120429925,67.47005964618782,3.3463531494140626,-0.0010731422022736137,-0.008407618631173785,-0.11237661351556572,-0.11237661351556572,0.002863774193042845,0.03473530538378977,3.5049845235397776,3.510456233747266,13.05536850858005,34.35161187673186
2016-04-28 00:00:00-04:00,1773539968.0,0.2903141707416322,64.16867044532322,3.3612926483154295,0.004464411923763345,0.003990070633681508,-0.1899059024807528,-0.1899059024807528,-0.3165794894601027,-0.04893117359280619,3.5089666549533205,3.514910709745185,12.84476364029406,34.141007008445875
2016-04-29 00:00:00-04:00,1773539968.0,0.30386301894436774,63.971753246753245,3.379552459716797,0.005432377752207396,0.01275131925284767,0.30200633579725444,0.30200633579725444,0.04666960681982513,-0.00306874362836862,3.52163736069727,3.5203283853543996,13.108670050272327,34.40491341842414
2016-05-02 00:00:00-04:00,1773539968.0,0.3177684194585917,65.45185963780875,3.392555999755859,0.0038477106640777414,0.0003270179584931032,-0.2822384428223844,-0.2822384428223844,0.04576206924597748,0.023136873947262382,3.521964325197045,3.5241687125134673,12.777052192115912,34.073295560267724
2016-05-03 00:00:00-04:00,1773539968.0,0.2483232445129897,60.23791194020791,3.353822708129883,-0.01141714142044048,-0.013076967740927037,0.6830508474576271,0.6830508474576271,-0.21854020315776335,-0.07966080301542677,3.5088011011072413,3.512685895167844,13.297660319261318,34.59390368741313
2016-05-04 00:00:00-04:00,1773539968.0,0.2752521078218828,55.44842170924761,3.33251838684082,-0.006352250295586392,-0.008778575377367481,0.40785498489425986,0.40785498489425986,0.1084427813501947,-0.07950956593107572,3.499983767039604,3.5063133834811553,13.639727578009902,34.93597094616172
2016-05-05 00:00:00-04:00,1773539968.0,0.27374202286111965,54.475105911617234,3.364335632324219,0.009547507857431636,0.010610680974647346,-0.6101573676680974,-0.6101573676680974,-0.005486188544431947,-0.017553534755851308,3.510538549803267,3.5158156019246083,12.697715449879391,33.9939588180312
2016-05-06 00:00:00-04:00,1773539968.0,0.2594346269370219,47.94501675451305,3.369868850708008,0.0016446689594897812,0.00024790038199218323,0.2238532110091742,0.2238532110091742,-0.05226598303964625,-0.11987290428950947,3.5107864194630367,3.5174589198971864,12.89971970113177,34.19596306928358
2016-05-09 00:00:00-04:00,1773539968.0,0.25598079893098874,41.21104802723739,3.355205535888672,-0.0043513013321735405,0.0012399322464700102,0.1234382808595702,0.1234382808595702,-0.013312902933622639,-0.14045190059594237,3.512025583628366,3.5130981241011785,13.016113577561619,34.31235694571343
2016-05-10 00:00:00-04:00,1773539968.0,0.2493877030007326,52.20835453719048,3.4027938842773438,0.01418343761049723,0.008667881049012172,-0.3207295373665481,-0.3207295373665481,-0.02575621280107654,0.26685335696109225,3.520656114273824,3.527181917850163,12.629377671766669,33.92562103991848
2016-05-11 00:00:00-04:00,1773539968.0,0.2982212560324888,69.030557816009,3.3989200592041016,-0.0011384248370556183,0.007038097138389432,-0.0491159135559921,-0.0491159135559921,0.19581379692812173,0.322212860909747,3.5276695596068293,3.5260428445153287,12.579014561932778,33.87525793008459
2016-05-12 00:00:00-04:00,1773539968.0,0.3334964459561376,63.71252508870907,3.3848102569580076,-0.004151260400457213,-0.0013814376623245694,0.29820936639118467,0.29820936639118467,0.11828529727540915,-0.07703882013345986,3.526287166879821,3.5218829437127517,12.840000466430148,34.13624383458196
2016-05-13 00:00:00-04:00,1773539968.0,0.2688540533387732,47.604861281205196,3.3358386993408202,-0.014468036285495978,-0.017090018098950166,-0.07480106100795758,-0.07480106100795758,-0.193832328353707,-0.25281785308425053,3.509049428979846,3.507309224805033,12.762253971016962,34.058497339168774
2016-05-16 00:00:00-04:00,1773539968.0,0.27755728177393646,56.06708657310884,3.390066146850586,0.016256016071904522,-0.00033127987660497293,0.032110091743119185,0.032110091743119185,0.03237157233481103,0.1777596880687604,3.5087180942179406,3.523434526541347,12.793859310432293,34.0901026785841
2016-05-17 00:00:00-04:00,1773539968.0,0.26676062113489835,50.11209721829773,3.3471824645996096,-0.012649806933949126,0.005963358336373403,0.3538888888888889,0.3538888888888889,-0.03889885565254858,-0.10621185652381071,3.5146637421072726,3.5107040296021363,13.096840420173242,34.39308378832506
2016-05-18 00:00:00-04:00,1773539968.0,0.2570721803226438,48.41439525859449,3.3499481201171877,0.0008262637447549182,0.001564014364859423,0.21624948707427172,0.21624948707427172,-0.036318856850146575,-0.0338780864091105,3.5162265346754378,3.5115299521789205,13.292612352964014,34.58885572111583
2016-05-19 00:00:00-04:00,1773539968.0,0.32967334070687154,43.44455271751745,3.332795333862305,-0.005120313998857595,-0.015700523878607098,-0.19264507422402155,-0.19264507422402155,0.2824154690449514,-0.1026521660454861,3.500401452093633,3.506396484452317,13.07862045445641,34.37486382260822
2016-05-20 00:00:00-04:00,1773539968.0,0.2701819197672029,40.58546141956287,3.3267086029052733,-0.0018263140539078737,0.009270119250079034,-0.5052235687421647,-0.5052235687421647,-0.1804556619959311,-0.06581012161742794,3.509628867498541,3.504568500653602,12.374971181991988,33.6712145501438
2016-05-23 00:00:00-04:00,1773539968.0,0.2221292800877453,43.58531013881567,3.3120449066162108,-0.004407869170223178,-0.011170888585156247,1.0,1.0,-0.1778529063708676,0.07391436771510573,3.4983951159422366,3.5001508881860732,13.198583403315737,34.49482677146755
2016-05-24 00:00:00-04:00,1773539968.0,0.23788172089073498,55.86467139739689,3.3756790161132812,0.019212936808300274,0.016568879081407584,-0.38954781319495924,-0.38954781319495924,0.07091564334412448,0.2817316481051173,3.51482822875733,3.519181587042044,12.705028096725677,34.00127146487749
2016-05-25 00:00:00-04:00,1773539968.0,0.35576144042035396,54.88091667611646,3.399473190307617,0.00704870755802256,0.015064260855189637,0.18882817243472982,0.18882817243472982,0.4955392078391936,-0.01760960364883246,3.529780150434391,3.526205568583924,12.877996189638493,34.1742395577903
2016-05-26 00:00:00-04:00,1773539968.0,0.3997107080900717,54.31919139895707,3.4005802154541014,0.0003256460882352652,-0.0035681096759873077,-0.39121552604698673,-0.39121552604698673,0.12353578178059155,-0.010235347934774097,3.5262056598720837,3.5265311616609805,12.381705214173332,33.67794858232514
2016-05-27 00:00:00-04:00,1773539968.0,0.4308203528692142,56.7611832321852,3.401409912109375,0.00024398679128423417,-8.42840930381783e-08,-0.10822147651006708,-0.10822147651006708,0.07783040121139861,0.04495633624757933,3.526205575587987,3.526775118692328,12.267167744889985,33.563411113041795
2016-05-31 00:00:00-04:00,1773539968.0,0.4499600295505449,44.37906508414427,3.365719223022461,-0.010492910295772151,0.01106863458191576,1.0,1.0,0.04442611996824808,-0.2181441161540113,3.537213401137988,3.5162267696632,13.348701819615057,34.64494518776687
2016-06-01 00:00:00-04:00,1773539968.0,0.48184316622693635,41.490154348923944,3.3388824462890625,-0.007973563733370104,-0.03300321090440439,-0.2535885167464115,-0.2535885167464115,0.07085770864634089,-0.06509625044472778,3.50365329712338,3.5082212470731733,13.056223574899784,34.352466943051596
2016-06-02 00:00:00-04:00,1773539968.0,0.43466029376601073,42.86852367065562,3.3361148834228525,-0.0008288889802892108,0.0010819372515697978,-0.26538461538461533,-0.26538461538461533,-0.09792163875725413,0.03322160024134546,3.504734649502667,3.5073920143744637,12.747815371930885,34.0440587400827
2016-06-03 00:00:00-04:00,1773539968.0,0.4290229700714542,58.588363280878305,3.3964305877685548,0.018079624489375723,0.013138489242606077,0.10762070971495064,0.10762070971495064,-0.012969493131551824,0.36669887983530525,3.5177875774117595,3.525310146034779,12.850029581899348,34.146272950051156
2016-06-06 00:00:00-04:00,1773539968.0,0.43344598325758926,53.39810669350414,3.4113700866699217,0.004398588022133776,0.01313177837110624,-0.028886554621848748,-0.028886554621848748,0.01030950204227632,-0.08858852332999256,3.5308338814547198,3.529699088542704,12.820717597935161,34.11696096608697
2016-06-07 00:00:00-04:00,1773539968.0,0.48562858246035606,65.39894532064383,3.4390377044677733,0.00811041226689646,0.0073720826113865545,0.08004326663061123,0.08004326663061123,0.12039008600468581,0.2247427740466983,3.5381789230826755,3.5377767881723177,12.897718699963852,34.19396206811567
2016-06-08 00:00:00-04:00,1773539968.0,0.5306701571421902,65.36691903738969,3.441527557373047,0.0007239969780030719,0.001045447290323187,-0.42613920881321987,-0.42613920881321987,0.0927490191241187,-0.0004897064180029442,3.539223824273559,3.5385005231909394,12.342350263822722,33.63859363197454
2016-06-09 00:00:00-04:00,1773539968.0,0.512670840543781,68.08508936036327,3.4362709045410162,-0.001527418492049737,-0.006507056067554751,0.14223385689354284,0.14223385689354284,-0.03391808707567179,0.04158327121733851,3.5326955050260094,3.536971937006076,12.475336132457937,33.77157950060975
2016-06-10 00:00:00-04:00,1773539968.0,0.47344302421076956,51.12575222036428,3.335286331176758,-0.029387838202979855,-0.022964112894946265,1.0,1.0,-0.07651657404857115,-0.2490903265212151,3.50946360935172,3.507143625100996,13.899300083693957,35.19554345184577
2016-06-13 00:00:00-04:00,1773539968.0,0.5254757677464789,45.86326298723169,3.276908111572266,-0.017503210761486643,-0.010841817209000126,-0.2613573661945926,-0.2613573661945926,0.10990286238232772,-0.10293226025213265,3.4985625913576137,3.4894854219063127,13.596359027919602,34.89260239607141
2016-06-14 00:00:00-04:00,1773539968.0,0.8266651105157178,30.54137346231505,3.2085697174072267,-0.0208545347743212,-0.024849428156507147,0.21090637450199212,0.21090637450199212,0.5731745615233599,-0.3340776152185737,3.473399204109821,3.468410359938584,13.787728176951822,35.08397154510364
2016-06-15 00:00:00-04:00,1773539968.0,0.9048772338783363,28.985490133745017,3.222956085205078,0.004483732337122737,0.008837240528414725,-0.4966070326958667,-0.4966070326958667,0.09461161765231108,-0.050943462987669386,3.4821976247675415,3.47288407029396,13.101344010180254,34.39758737833206
2016-06-16 00:00:00-04:00,1773539968.0,0.900046254114282,39.64154806275993,3.2982105255126952,0.023349508438253785,-0.00807978590597802,-0.1384803921568627,-0.1384803921568627,-0.0053388234151372504,0.3676342155970338,3.4740850204949605,3.4959651493914916,12.95228654702681,34.24852991517862
2016-06-17 00:00:00-04:00,1773539968.0,0.705092786752717,38.864486098516984,3.2896358489990236,-0.0025997966010186113,0.022121906007278147,0.5647226173541964,0.5647226173541964,-0.21660383171464326,-0.019602210363044215,3.4959657869704768,3.493361967450553,13.399995114002609,34.69623848215442
2016-06-20 00:00:00-04:00,1773539968.0,0.7923224631961642,53.6862661539875,3.408880615234375,0.036248621947513104,0.04605285724836383,1.0,1.0,0.12371375524231465,0.38137079743957036,3.540989684078694,3.528969065071452,14.173884058538588,35.4701274266904
2016-06-21 00:00:00-04:00,1773539968.0,0.9607308178525932,58.89204200801983,3.444571304321289,0.010469914648055356,-0.0013632791907953745,-0.18141160027952485,-0.18141160027952485,0.21255027148553052,0.09696662157693514,3.5396254747773925,3.53938454975158,13.97371017263782,35.26995354078963
2016-06-22 00:00:00-04:00,1773539968.0,1.0963779635199564,60.31833673225095,3.4617252349853525,0.004979990004138735,0.003212137875276966,-0.4638893631551989,-0.4638893631551989,0.14119162531973228,0.024218802330489675,3.542832464758689,3.5443521806207605,13.350295445450335,34.64653881360215
2016-06-23 00:00:00-04:00,1773539968.0,1.139286928572777,60.045850255312594,3.5178897857666014,0.016224439251744105,0.015208553733032648,0.6544585987261147,0.6544585987261147,0.03913701887537013,-0.004517473320723386,3.55792652780419,3.5604464101565223,13.853769270081365,35.15001263823318
2016-06-24 00:00:00-04:00,1773539968.0,1.0115437984202857,43.695736399768016,3.3109386444091795,-0.05882820496388119,-0.04336515773961813,1.0,1.0,-0.11212551197486242,-0.27229381857404866,3.513593002424372,3.499816820553624,14.649115091219475,35.945358459371285
2016-06-27 00:00:00-04:00,1773539968.0,0.8532254084320966,40.57457731846204,3.2901878356933594,-0.006267349215564599,-0.019533638709004264,-0.5549183176920403,-0.5549183176920403,-0.15651165103817832,-0.07142937362928947,3.4938660607807766,3.4935297490575024,13.839617633307506,35.13586100145932
2016-06-28 00:00:00-04:00,1773539968.0,0.7299111791016826,47.9594716198533,3.4047298431396484,0.03481321224389955,0.030346237672963072,-0.056423272159312754,-0.056423272159312754,-0.14452714149361612,0.1820079170123856,3.5237609596160793,3.5277506882260043,13.781540038393121,35.07778340654493
2016-06-29 00:00:00-04:00,1773539968.0,0.7987023078020238,53.15646669837604,3.498799514770508,0.027629114779959663,0.033205817324779785,0.39333747154976195,0.39333747154976195,0.09424589000678685,0.10836222549981955,3.5564273722354214,3.5550050068730523,14.113241966269056,35.40948533442087
2016-06-30 00:00:00-04:00,1773539968.0,0.8758817048073427,62.695443509705385,3.582353210449219,0.023880675450531408,0.003789938079398425,-0.3644193644193644,-0.3644193644193644,0.09663099286355092,0.17945091921658451,3.5602101465938314,3.5786049988201265,13.66002565512388,34.95626902327569
2016-07-01 00:00:00-04:00,1773539968.0,1.1199291879187128,66.65663560789676,3.5818004608154297,-0.00015429791573229323,0.027847793083366268,-0.22967289719626172,-0.22967289719626172,0.27863064358108747,0.06318149894861458,3.5876772414617117,3.5784506889992462,13.399085609619767,34.69532897777158
2016-07-05 00:00:00-04:00,1773539968.0,1.2573400306238345,73.36662894384389,3.6241313934326174,0.011818339151017598,-0.0014541478905651939,0.1413406126781922,0.1413406126781922,0.12269600987941698,0.10066504669419896,3.586222035272029,3.590199736983483,13.531289157141474,34.827532525293286
2016-07-06 00:00:00-04:00,1773539968.0,1.1724720669924855,66.26442918186265,3.5361492156982424,-0.024276762673066887,-0.01916153387466213,0.27318628753654006,0.27318628753654006,-0.06749802087287504,-0.09680422644765907,3.5668745398354744,3.5656234358887735,13.772811803431159,35.069055171582974
2016-07-07 00:00:00-04:00,1773539968.0,0.7517974044809891,62.37362206189263,3.521486282348633,-0.004146582187345316,-0.00023423094383001608,-0.4105614694218326,-0.4105614694218326,-0.3587929080396528,-0.058716375708778856,3.5666402814552924,3.5614682327897107,13.24422696516117,34.54047033331298
2016-07-08 00:00:00-04:00,1773539968.0,0.47900047301915527,62.777713472550374,3.5187191009521483,-0.0007857992832045468,-0.01164626714684236,0.6512039660056657,0.6512039660056657,-0.36285963457157977,0.0064785625285119774,3.554925665347463,3.5606821246044156,13.745731663356358,35.04197503150817
2016-07-11 00:00:00-04:00,1773539968.0,0.4652032857815829,58.31315367439777,3.541959762573242,0.006604864143547218,0.00442868989365075,-0.4499249410250912,-0.4499249410250912,-0.02880412027697654,-0.07111695458778922,3.5593445774519283,3.5672652722035556,13.148031124152906,34.44427449230472
2016-07-12 00:00:00-04:00,1773539968.0,0.47791599032163723,55.6826032580147,3.532552719116211,-0.0026558865960117917,-0.0020471203737277843,0.7485380116959064,0.7485380116959064,0.027327202813488105,-0.04511075547502075,3.557295358863267,3.564605852483634,13.706811141040934,35.003054509192744
2016-07-13 00:00:00-04:00,1773539968.0,0.3746596585175309,54.12441125090658,3.5248058319091795,-0.0021929997435309323,0.003471392650346461,-0.4020066889632107,-0.4020066889632107,-0.21605540282218816,-0.0279834619061895,3.5607607401380266,3.5624104445948133,13.192635430389661,34.48887879854147
2016-07-14 00:00:00-04:00,1773539968.0,0.219340592597548,50.89078457287035,3.5306167602539062,0.001648581119595871,0.011714919500585896,-0.25540641312453394,-0.25540641312453394,-0.41456042140900873,-0.05974432983752909,3.5724075712201393,3.5640576682962264,12.897718699963852,34.19396206811567
2016-07-15 00:00:00-04:00,1773539968.0,0.21464335789395883,71.84620391880513,3.5342128753662108,0.0010185515326353034,-0.006838743978649475,0.36705057586379564,0.36705057586379564,-0.021415254914569304,0.4117723772941402,3.565545335869642,3.5650757014572116,13.210374254727043,34.506617622878856
2016-07-18 00:00:00-04:00,1773539968.0,0.20614943871472416,72.79219291126871,3.5201030731201173,-0.003992346455540474,-0.0017996176820154197,-0.19780219780219777,-0.19780219780219777,-0.03957224329033726,0.013166861168234734,3.5637440969303382,3.5610753643117348,12.989974189358584,34.2862175575104
2016-07-19 00:00:00-04:00,1773539968.0,0.22182706182423167,60.06585482005578,3.48939208984375,-0.008724455687357469,-0.010817662298120978,0.22648401826484021,0.22648401826484021,0.07604979769652775,-0.17483108534353287,3.552867498302494,3.5523126277449983,13.19412574363122,34.49036911178303
2016-07-20 00:00:00-04:00,1773539968.0,0.23468293258134199,49.91735255137736,3.4982452392578125,0.0025371609684765595,0.0028527430510514318,-0.2747580044676098,-0.2747580044676098,0.057954474316108895,-0.1689562614081015,3.555716180004245,3.5548465755543055,12.872875850750518,34.16911921890233
2016-07-21 00:00:00-04:00,1773539968.0,0.25811560518964605,32.44120990242246,3.4916053771972657,-0.0018980550551555009,-0.003160696285900766,-0.06211498973305951,-0.06211498973305951,0.09984821797887755,-0.3501015529813527,3.5525504781677055,3.552946716910085,12.808747922926043,34.10499129107785
2016-07-22 00:00:00-04:00,1773539968.0,0.2891487074128837,35.154693101281836,3.5021190643310547,0.003011132702009034,-0.0019024796366694519,0.8593322386425835,0.8593322386425835,0.12022946927380307,0.08364309490987121,3.5506461865180756,3.555953325232083,13.42896533470862,34.725208702860435
2016-07-25 00:00:00-04:00,1773539968.0,0.20487941783257463,22.515022068694492,3.4971389770507812,-0.001422021121724626,0.003335708245829627,-0.5905210479835148,-0.5905210479835148,-0.2914392747396187,-0.3595443429465316,3.5539763436303704,3.5545302920787893,12.53609555847148,33.832338926623294
2016-07-26 00:00:00-04:00,1773539968.0,0.1504138612567966,32.19190533639623,3.478601837158203,-0.00530065862815976,0.0027704689372964886,0.8662832494608195,0.8662832494608195,-0.2658420116182033,0.4297967480634517,3.556742981892148,3.5492155351173125,13.160044444372017,34.456287812523826
2016-07-27 00:00:00-04:00,1773539968.0,0.17231221593774054,32.63891881023167,3.466151809692383,-0.0035790320504145434,-0.014840420210449956,-0.1922187981510015,-0.1922187981510015,0.14558734479635227,0.013885896754612048,3.5417913408985364,3.5456300830087155,12.946580397449956,34.24282376560177
2016-07-28 00:00:00-04:00,1773539968.0,0.17239171280539312,45.922622335137525,3.5029483795166017,0.010615971787884426,0.009134348056393238,-0.19933237958989036,-0.19933237958989036,0.0004613536377553462,0.4069896923405951,3.5508842231153848,3.5561901010222003,12.724271023625578,34.02051439177739
2016-07-29 00:00:00-04:00,1773539968.0,0.16778598930406835,47.71765953308135,3.5328289031982423,0.008530106768448675,0.003731906097327986,-0.0196545562835021,-0.0196545562835021,-0.026716617790809916,0.03908829911418987,3.5546091829277113,3.564684032006535,12.704420747785052,34.000664115936864
2016-08-01 00:00:00-04:00,1773539968.0,0.17605507078182753,43.12499784563733,3.5021190643310547,-0.008692704829092124,0.0010286081002648384,0.2976913730255164,0.2976913730255164,0.04928350401637904,-0.09624658318080448,3.555637262373152,3.555953325232083,12.965007566628122,34.26125093477994
2016-08-02 00:00:00-04:00,1773539968.0,0.24507026441706908,54.670919166400765,3.5491527557373046,0.013430066351908465,0.009641079220598536,0.04026217228464413,0.04026217228464413,0.3920091215138424,0.26773152226212704,3.565232162960148,3.5692940076417665,13.004480336747612,34.300723704899426
2016-08-03 00:00:00-04:00,1773539968.0,0.2450702791202361,42.18596195419243,3.4799850463867186,-0.019488512924323853,-0.010801434009652056,-0.02025202520252023,-0.02025202520252023,5.999572016968102e-08,-0.22836559916265764,3.5543719699581757,3.5496130897558857,12.984020427782584,34.280263795934395
2016-08-04 00:00:00-04:00,1773539968.0,0.2419174812075069,43.299748838014956,3.4899452209472654,0.0028621314252164076,-0.00047475301106436607,-0.22783647220946257,-0.22783647220946257,-0.012864872574704922,0.026401836825054037,3.5538971042162197,3.552471133081549,12.725461499956653,34.021704868108465
2016-08-05 00:00:00-04:00,1773539968.0,0.1770324871759386,44.87830858811632,3.4874549865722657,-0.0007135454046823808,-0.004274945961323051,0.4723378941106484,0.4723378941106484,-0.2682112665347759,0.036456556734469237,3.5496129945478505,3.55175733298218,13.112313041550827,34.40855640970264
2016-08-08 00:00:00-04:00,1773539968.0,0.3213167135287013,43.62873715013759,3.4476154327392576,-0.01142367542703826,-0.014946330313786116,0.046060606060606135,0.046060606060606135,0.815015529942648,-0.027843550198093148,3.53455384224452,3.5402679061468874,13.157344346299574,34.45358771445139
2016-08-09 00:00:00-04:00,1773539968.0,0.35636657137793315,43.86537329619451,3.4578506469726564,0.0029687807219456186,0.005729913504198603,-0.3035921205098494,-0.3035921205098494,0.10908196297763095,0.005423859628175709,3.540267402234081,3.543232288741912,12.795524589751354,34.091767957903166
2016-08-10 00:00:00-04:00,1773539968.0,0.34916006658174087,49.211323536767566,3.48607177734375,0.00816146596609113,0.011957477536443273,-0.19966722129783698,-0.19966722129783698,-0.020222168337303614,0.1218717598611394,3.5521539539719424,3.551360630053093,12.572796925321908,33.86904029347372
2016-08-11 00:00:00-04:00,1773539968.0,0.42489295189970344,56.980688586767805,3.5599433898925783,0.02119050245291154,0.02093586196595365,1.0,1.0,0.2169001915350275,0.15787758775062133,3.572873672342846,3.572329736015983,13.593366506983148,34.88960987513496
2016-08-12 00:00:00-04:00,1773539968.0,0.5090240733892288,56.49015348456251,3.5513668060302734,-0.002409191080581574,-0.0008543859280670807,-0.7130369630369631,-0.7130369630369631,0.19800545316973084,-0.008608795617805254,3.5720189212190947,3.569917638164988,12.344964644396793,33.6412080125486
2016-08-15 00:00:00-04:00,1773539968.0,0.5489937082991757,57.71328673285763,3.541683578491211,-0.0027266199376027034,-0.0028764142248683955,0.1470844212358573,0.1470844212358573,0.0785220915856053,0.021652149495918316,3.5691383621647574,3.5671872942284164,12.48218808161049,33.7784314497623
2016-08-16 00:00:00-04:00,1773539968.0,0.55704083176149,62.23966865736756,3.570179748535156,0.008045939003981983,-0.0020273848582944565,0.7807283763277693,0.7807283763277693,0.014657952068785729,0.07842876711322244,3.567108919379838,3.575201037247824,13.05921056239906,34.35545393055087
2016-08-17 00:00:00-04:00,1773539968.0,0.4482904207536501,60.342577979904256,3.5866474151611327,0.023505165716210197,0.006774740987817829,-0.3936940775458031,-0.3936940775458031,-0.1952287961798892,-0.03048041094027798,3.573860814933155,3.5984342104634397,12.558839964637889,33.855083332789704
2016-08-18 00:00:00-04:00,1773539968.0,0.2764870430563202,53.358860055492606,3.5598068237304688,-0.02580407162640086,0.0009411977155753259,-0.06113843991567114,-0.06113843991567114,-0.38324124215837607,-0.11573449723572338,3.5748015699998854,3.572291373388636,12.495752720644628,33.79199608879644
2016-08-19 00:00:00-04:00,1773539968.0,0.10016561105263294,58.496788523812846,3.5662384033203125,0.0018067215184176533,-0.0009399430241544549,-0.08233532934131738,-0.08233532934131738,-0.6377204155920273,0.09629007184517913,3.57386118495228,3.57409646474893,12.409829483044193,33.706072851196005
2016-08-22 00:00:00-04:00,1773539968.0,0.17828553485802656,56.75944417760025,3.598112106323242,0.00893762541877563,0.008939788347448685,0.8760195758564437,0.8760195758564437,0.7799076248268959,-0.029699824384467832,3.582761249961834,3.582994385992308,13.038981768465277,34.33522513661709
2016-08-23 00:00:00-04:00,1773539968.0,0.26871630838890337,65.18282681169589,3.57574462890625,-0.006216448169495403,0.005751582723567239,-0.22999999999999998,-0.22999999999999998,0.50722440047023,0.14840495279937693,3.5884963554832927,3.5767585352570674,12.777617004330871,34.073860372482685
2016-08-24 00:00:00-04:00,1773539968.0,0.25035315596619373,59.93202001996386,3.5547744750976564,-0.005864555773662183,-0.01414229044270432,-0.3647656691134952,-0.3647656691134952,-0.06833657597042198,-0.08055506409534652,3.5742531098961687,3.5708767154458294,12.323855681186558,33.62009904933837
2016-08-25 00:00:00-04:00,1773539968.0,0.22970186759494685,60.56302349527726,3.556172180175781,0.00039319092896517027,-0.0042330771973018155,0.312888888888889,0.312888888888889,-0.08248862808038859,0.010528653549525036,3.570011047862954,3.5712698290954976,12.596085649079416,33.892329017231226
2016-08-26 00:00:00-04:00,1773539968.0,0.2667539847779967,61.433719130570296,3.5209426879882812,-0.009906576623002206,-0.003306412852118412,0.6018957345971565,0.6018957345971565,0.16130525002255136,0.014376687045040581,3.566699156748931,3.561313855837179,13.067273411086369,34.36351677923818
2016-08-29 00:00:00-04:00,1773539968.0,0.33981455793959764,59.09770733067527,3.515351486206055,-0.0015879843205914845,-0.006397405103304443,-0.4298393913778529,-0.4298393913778529,0.27388746684479637,-0.038024912587989346,3.560281200553604,3.5597246093330908,12.505436222755792,33.801679590907604
2016-08-30 00:00:00-04:00,1773539968.0,0.4228715763696996,48.951993714906955,3.4792835235595705,-0.010260129829979148,-0.005326002015842435,0.6308376575240919,0.6308376575240919,0.24441865861693124,-0.1716769410190313,3.5549409648273502,3.549411481548795,12.994530005894443,34.29077337404625
2016-08-31 00:00:00-04:00,1773539968.0,0.5124571199413696,32.946445271098725,3.4722938537597656,-0.0020089394130932137,-0.011587864114480428,-0.35363636363636364,-0.35363636363636364,0.2118504732352806,-0.32696417917160725,3.5432854381982515,3.5474005215102564,12.558136976911223,33.854380345063035
2016-09-01 00:00:00-04:00,1773539968.0,0.4048195612081667,41.46327493307404,3.5036087036132812,0.009018490707406013,0.004689626463523,-0.06469760900140642,-0.06469760900140642,-0.2100420787314219,0.25850526792480544,3.547964102622145,3.5563785884892405,12.491251587763836,33.78749495591565
2016-09-02 00:00:00-04:00,1773539968.0,0.5077856194649567,59.300309996896,3.6120906829833985,0.030962926669932944,0.038386898390247115,1.0,1.0,0.2543505011207763,0.4301887656634156,3.585632552397609,3.5868718342644748,13.698751997354078,34.99499536550589
2016-09-06 00:00:00-04:00,1773539968.0,0.5352147476246375,52.46673318837456,3.5886066436767576,-0.006501508784725218,-0.009532121379531078,-0.6610474263879523,-0.6610474263879523,0.05401714248737943,-0.11523678053081221,3.576054709568836,3.580349098617067,12.616856915115939,33.91310028326775
2016-09-07 00:00:00-04:00,1773539968.0,0.6219683581370691,51.82105305655136,3.6000686645507813,0.0031940031360695453,0.009545876630369765,0.07824933687002655,0.07824933687002655,0.1620912183333083,-0.012306467214281858,3.585555312210787,3.5835380117605413,12.692195656655793,33.988439024807604
2016-09-08 00:00:00-04:00,1773539968.0,0.6583008749713806,49.70880438506338,3.5575695037841797,-0.011805097270805698,-0.002945533954153756,0.28351783517835183,0.28351783517835183,0.05841537814421183,-0.040760435130156814,3.5826054316339806,3.5716626810399306,12.941800273625237,34.23804364177705
2016-09-09 00:00:00-04:00,1773539968.0,0.6289458151352055,38.10605272859615,3.451044464111328,-0.029943206888731533,-0.017024081833662774,0.25730713943459516,0.25730713943459516,-0.04459216287301948,-0.233414418230378,3.5654347741940766,3.5412620214405073,13.170772516612017,34.467015884763825
2016-09-12 00:00:00-04:00,1773539968.0,0.5831789191029308,43.099612557482715,3.5254161834716795,0.02155049583793267,-0.0162911481701008,0.11280487804878048,0.11280487804878048,-0.07276762946969617,0.1310437442695087,3.549009466195705,3.5625835885221093,13.277656261810364,34.57389962996218
2016-09-13 00:00:00-04:00,1773539968.0,0.5654158583339371,40.70161160712759,3.472014236450195,-0.015147700084844007,0.0012864885816867844,-0.14726027397260277,-0.14726027397260277,-0.03045902412988033,-0.05563857325067301,3.5502951279600077,3.5473199901438224,13.11835535600679,34.4145987241586
2016-09-14 00:00:00-04:00,1773539968.0,0.5954363247694024,41.009956512181894,3.4552379608154298,-0.0048318568105636395,-0.004656952154170613,-0.13654618473895586,-0.13654618473895586,0.05309448964506247,0.0075757419148558824,3.545627298420708,3.542476422173479,12.971540487669746,34.267783855821556
2016-09-15 00:00:00-04:00,1773539968.0,0.615566309788765,45.03528112540048,3.4971778869628904,0.012138071711148779,1.8327701378773043e-07,-0.43767441860465117,-0.43767441860465117,0.03380711619694754,0.09815481301529494,3.5456274816977045,3.554541418229596,12.39586621716283,33.69210958531464
2016-09-16 00:00:00-04:00,1773539968.0,0.5070154803514634,43.75861703255912,3.4446144104003906,-0.015030255326287878,-0.0023391168318767086,0.49627791563275436,0.49627791563275436,-0.17634303195467516,-0.02834808756464724,3.5432856248584192,3.5393970638805023,12.798846851943331,34.095090220095145
2016-09-19 00:00:00-04:00,1773539968.0,0.25697524153164497,45.5445678303558,3.459992218017578,0.004464304501182292,0.005498055861583806,0.10834715312327248,0.10834715312327248,-0.4931609556506843,0.04081369382555722,3.548768621582976,3.5438514329332818,12.901716706288706,34.197960074440516
2016-09-20 00:00:00-04:00,1773539968.0,0.1261380525813707,50.99730588252758,3.491585922241211,0.009131148925454635,0.0054678570716371055,-0.012967581047381493,-0.012967581047381493,-0.5091431694759685,0.11972312642162097,3.554221584193325,3.5529411449716344,12.888664312150603,34.184907680302416
2016-09-21 00:00:00-04:00,1773539968.0,0.12751166085485857,53.66388084005848,3.5189857482910165,0.007847387021258756,-0.004478718841768092,-0.2379989893885801,-0.2379989893885801,0.010889721581849976,0.05228854566696861,3.549732805843282,3.560757901393783,12.616856915115939,33.91310028326775
2016-09-22 00:00:00-04:00,1773539968.0,0.3699568756302243,54.32522929445409,3.559526824951172,0.01152067088644615,0.02466255059923861,0.21153846153846145,0.21153846153846145,1.0,0.012323902856871571,3.5740961453016333,3.572212714684533,12.808747922926043,34.10499129107785
2016-09-23 00:00:00-04:00,1773539968.0,0.4249093507676862,46.82775388170862,3.576861572265625,0.004869958330680824,-0.004233706043551777,0.37055281882868085,0.37055281882868085,0.1485375154708235,-0.1380109299144895,3.569853451748698,3.577070853127516,13.123962098768025,34.42020546691984
2016-09-26 00:00:00-04:00,1773539968.0,0.4113223297255231,46.268536154580296,3.5466663360595705,-0.008441824095230088,-0.005589795849390677,-0.3394568690095847,-0.3394568690095847,-0.031976281570681775,-0.011942014740680462,3.5642479745260696,3.5685931950231433,12.709269242131674,34.00551261028348
2016-09-27 00:00:00-04:00,1773539968.0,0.38665783661116576,47.110664486700045,3.56707649230957,0.0057547438400071815,0.00894681815593068,0.14087061668681988,0.14087061668681988,-0.05996390502508342,0.01820088557170374,3.573155007031675,3.574331443578654,12.841060911916587,34.1373042800684
2016-09-28 00:00:00-04:00,1773539968.0,0.396883776143932,53.62332675125187,3.598112106323242,0.00870057428837967,0.0077691006475031354,-0.04239533651298355,-0.04239533651298355,0.026446999296304785,0.13824178316122948,3.580894083623088,3.582994385992308,12.797740657140265,34.09398402529208
2016-09-29 00:00:00-04:00,1773539968.0,0.39586260544057256,61.0006841250413,3.559248352050781,-0.010801151582843338,0.0019467307325364835,-0.19590481460985054,-0.19590481460985054,-0.002572971647470723,0.1375773906757325,3.5828389219309815,3.5721344785010296,12.579703030118319,33.87594639827013
2016-09-30 00:00:00-04:00,1773539968.0,0.22727998014171025,55.10483253849127,3.5690338134765627,0.0027493055999150418,-0.00613983687732611,-0.12938747419132823,-0.12938747419132823,-0.42586145541895637,-0.09665222072697599,3.576680158745819,3.574880011673093,12.441144767709657,33.73738813586147
2016-10-03 00:00:00-04:00,1773539968.0,0.23234465407333033,63.032108114607354,3.56959228515625,0.00015647699317922203,0.0015638266772997067,0.37391304347826093,0.37391304347826093,0.022283854162879813,0.14385808305612402,3.5782427639194943,3.5750364764250246,12.758807672373374,34.055051040525186
2016-10-04 00:00:00-04:00,1773539968.0,0.3260706640088725,66.5644174996041,3.57574462890625,0.0017235424268435828,0.015771771018002534,1.0,1.0,0.40339215166948206,0.05603984208451629,3.5938914530168025,3.5767585352570674,13.467087190223307,34.76333055837512
2016-10-05 00:00:00-04:00,1773539968.0,0.3677916546610308,48.806991665914886,3.4873912811279295,-0.024709076555432308,-0.03335935365787068,-0.2700481722867668,-0.2700481722867668,0.1279507642276676,-0.2667705434933736,3.559962983401729,3.551739065785487,13.15231045377228,34.448553821924094
2016-10-06 00:00:00-04:00,1773539968.0,0.6882241153958866,49.345224942289335,3.439301681518555,-0.013789562378507036,-0.025127024859630254,0.0931677018633541,0.0931677018633541,0.8712336364189044,0.011027790445653052,3.534514885022701,3.537853544213594,13.24139008382597,34.53763345197778
2016-10-07 00:00:00-04:00,1773539968.0,0.9628875631909124,42.81073820758885,3.3979209899902343,-0.012031713225589935,-0.015579230397296362,0.5830965909090908,0.5830965909090908,0.3990901243514715,-0.13242389192353987,3.5188130230779855,3.525748864057692,13.700772880493851,34.997016248645664
2016-10-10 00:00:00-04:00,1773539968.0,1.0642060659636852,36.1954703732274,3.374715042114258,-0.006829454817912972,0.0002487113851667999,-0.15320771646478237,-0.15320771646478237,0.10522360724757251,-0.15452356374431286,3.519061703539603,3.518895981787814,13.534473028231162,34.830716396382975
2016-10-11 00:00:00-04:00,1773539968.0,1.1003006075286046,28.60778356117558,3.3308185577392577,-0.013007463986499657,-0.0019052728346581338,-0.4490066225165563,-0.4490066225165563,0.03391687260515108,-0.2096308387157798,3.517154613363937,3.5058031799142118,12.9384405392434,34.234683907395215
2016-10-12 00:00:00-04:00,1773539968.0,1.0949631680196343,21.15123147535772,3.3269039154052735,-0.0011752793693575736,-0.013860152878425125,0.7350961538461538,0.7350961538461538,-0.004850892085717096,-0.26064766848758447,3.5031975117076195,3.5046272093624484,13.489503371190825,34.785746739342635
2016-10-13 00:00:00-04:00,1773539968.0,0.6761295199942939,26.264689903892943,3.372198486328125,0.013614631523656051,-8.416041233183513e-05,-0.18952618453865333,-0.18952618453865333,-0.38250934849511764,0.2417570075998965,3.5031133477536014,3.5181499944879238,13.279367126213993,34.575610494365804
2016-10-14 00:00:00-04:00,1773539968.0,0.37142943588810584,26.061835214377595,3.3386474609375,-0.009949303259179643,0.006312696792418526,-0.3811965811965812,-0.3811965811965812,-0.45065342526201124,-0.007723475520085232,3.5094062029345614,3.5081508661524063,12.799399490807907,34.09564285895972
2016-10-17 00:00:00-04:00,1773539968.0,0.33601623401746655,20.468676924319254,3.2992244720458985,-0.01180807178740928,-0.016895240251500687,0.5375690607734807,0.5375690607734807,-0.0953430139050897,-0.21461106802535335,3.4923666098846327,3.4962725253767224,13.229602128073928,34.52584549622574
2016-10-18 00:00:00-04:00,1773539968.0,0.3034050886257186,18.71461215871635,3.320473861694336,0.006440722608747063,0.014973670821530671,-0.3801652892561983,-0.3801652892561983,-0.09705229119987346,-0.08569507311529578,3.507229281964624,3.5026925951635723,12.751299696013497,34.04754306416531
2016-10-19 00:00:00-04:00,1773539968.0,0.28167575000491135,19.449931960754355,3.298385238647461,-0.006652250241055646,-0.012154441384473746,0.15246376811594198,0.15246376811594198,-0.07161824054840626,0.03929121243880718,3.4950003713207862,3.496018120087606,12.893201753764556,34.18944512191637
2016-10-20 00:00:00-04:00,1773539968.0,0.25641200476307613,18.435040501012864,3.302858352661133,0.001356152689885981,-0.005770139374401739,-0.4144869215291751,-0.4144869215291751,-0.08969087768966522,-0.052179692031278924,3.4892135203757833,3.497373354032977,12.35793499483942,33.65417836299123
2016-10-21 00:00:00-04:00,1773539968.0,0.2839515718125718,13.911467788964075,3.1692131042480467,-0.04046351194728259,0.020824862558772583,1.0,1.0,0.10740357915356635,-0.24537904930560117,3.5098245096424807,3.45606841797014,16.813410480468836,38.109653848620646
2016-10-24 00:00:00-04:00,1773539968.0,0.7002739771916872,16.151066258852566,3.190181922912598,0.006616411700571367,-0.05994505010837281,-0.7530558687647804,-0.7530558687647804,1.0,0.16098937249922396,3.448007561547348,3.4626630372909064,15.414817323198916,36.71106069135073
2016-10-25 00:00:00-04:00,1773539968.0,0.7176186124114615,19.95386715623964,3.195214462280273,0.0015775085839244696,0.01947694918318188,0.09689671892678198,0.09689671892678198,0.02476835607876171,0.23545200276190537,3.4672972624007996,3.4642393029151792,15.507302351405947,36.80354571955776
2016-10-26 00:00:00-04:00,1773539968.0,0.8280733631892749,18.899652999552984,3.1200040817260746,-0.023538445209879355,-0.015440699680918102,-0.1744271715906579,-0.1744271715906579,0.15391845872927545,-0.05283257367767924,3.4517361136290843,3.4404194030601176,15.315624555283625,36.61186792343544
2016-10-27 00:00:00-04:00,1773539968.0,0.8077029808637864,22.797888797817237,3.1337045669555663,0.0043911754185630425,-0.0016834720394104385,-0.19044219356565972,-0.19044219356565972,-0.024599731413933124,0.2062596492304094,3.450051222958246,3.44480096539944,15.1043574569182,36.400600825070015
2016-10-28 00:00:00-04:00,1773539968.0,0.7609215645335209,32.18320381612094,3.189902687072754,0.017933445516781665,0.006745258973249291,-0.04651931874552173,-0.04651931874552173,-0.0579190834237554,0.41167474328597864,3.456773834457199,3.4625755037056667,15.056721341895013,36.35296471004683
2016-10-31 00:00:00-04:00,1773539968.0,0.6978944119131191,38.076395661939415,3.212269973754883,0.00701190251751993,0.010931700345346407,0.16787097520087868,0.16787097520087868,-0.082830025534945,0.18311389628855124,3.4676462156806953,3.4695629371513053,15.211903753761579,36.50814712191339
2016-11-01 00:00:00-04:00,1773539968.0,0.275387514427396,34.93283386122397,3.163620376586914,-0.015144927906262318,-0.0013952992429829836,0.2588724446864328,0.2588724446864328,-0.6054023220038636,-0.08255933225995182,3.4662499421012907,3.454302153585636,15.442120188906694,36.738363557058506
2016-11-02 00:00:00-04:00,1773539968.0,0.23549334229261165,28.065260976617083,3.147124671936035,-0.005214185865332954,-0.00716077776471169,-0.17308221601855855,-0.17308221601855855,-0.14486558048114473,-0.1965936377188685,3.4590634029125913,3.44907432641365,15.252070185231714,36.54831355338353
2016-11-03 00:00:00-04:00,1773539968.0,0.21283691741102465,33.84774374449057,3.1748046875,0.008795334932485188,0.001935074263812453,-0.5580333792972278,-0.5580333792972278,-0.09620834568408021,0.20603702109491295,3.460996607332004,3.457831207698498,14.435549266703582,35.731792634855395
2016-11-04 00:00:00-04:00,1773539968.0,0.23904632429951528,34.4555466698619,3.144328498840332,-0.00959939009151034,-0.01316835006277628,-0.522431414739107,-0.522431414739107,0.12314314268081494,0.017956970188604204,3.447740785795579,3.448185446466868,13.696501771382072,34.99274513953388
2016-11-07 00:00:00-05:00,1773539968.0,0.25536009189277853,34.82119030334127,3.168372917175293,0.00764691677215934,-0.00026718734669983757,0.5028159495381843,0.5028159495381843,0.06824521414862983,0.010612039825773412,3.4474735627479807,3.455803273773332,14.103842419257552,35.40008578740937
2016-11-08 00:00:00-05:00,1773539968.0,0.2669663342774336,38.05444315095069,3.1809547424316404,0.003971068300749447,0.004093286787972827,-0.13416279418378052,-0.13416279418378052,0.04545049423591352,0.09285302482319713,3.451558494828638,3.4597664781941515,13.9597840471207,35.25602741527251
2016-11-09 00:00:00-05:00,1773539968.0,0.3040851602562495,33.48711152843184,3.1228000640869142,-0.01828214578754772,-0.013292853776373348,0.4078947368421053,0.4078947368421053,0.139039351457108,-0.12002098163417085,3.43817650023293,3.4413151487803044,14.301879541296273,35.59812290944809
2016-11-10 00:00:00-05:00,1773539968.0,0.6139911082888245,31.90014290246637,2.9620319366455083,-0.05148204308379678,-0.035207726135837,1.0,1.0,1.0,-0.04739043033371426,3.4023340391735766,3.3884605909035748,15.85750980416824,37.15375317232005
2016-11-11 00:00:00-05:00,1773539968.0,0.6850243611089538,36.69391065557815,3.0263395309448238,0.021710635021762847,0.0075408164581713955,-0.4381001816766156,-0.4381001816766156,0.11569101223321776,0.15027417801132015,3.4098465658052333,3.409938906607993,15.281078099978673,36.577321468130485
2016-11-14 00:00:00-05:00,1773539968.0,0.7736589100859688,32.9303647134731,2.966226005554199,-0.01986344386542016,-0.019310925865603457,-0.3880831408775981,-0.3880831408775981,0.1293889006130069,-0.10256595371997845,3.390346748274633,3.3898755325776095,14.789919243173077,36.08616261132489
2016-11-15 00:00:00-05:00,1773539968.0,0.7654364304628106,39.6939761396071,2.991949462890625,0.008672116449744305,0.010552306401693912,0.22267512077294693,0.22267512077294693,-0.010628042301283003,0.20539133061489445,3.4008437676878542,3.3985102622185144,14.990960423356972,36.28720379150878
2016-11-16 00:00:00-05:00,1773539968.0,0.7283936681109594,37.50554022363611,2.97852783203125,-0.004485914961413817,-0.010255759326516456,-0.3431905173478207,-0.3431905173478207,-0.04839430275020207,-0.05513269591018233,3.390535055704058,3.3940142553483073,14.570599140064402,35.866842508216216
2016-11-17 00:00:00-05:00,1773539968.0,0.5007890521155621,32.654133240390124,2.989992141723633,0.0038489852500604993,0.006782425416634874,0.13441112886549478,0.13441112886549478,-0.3124747316731552,-0.1293517425510542,3.397294583947368,3.397855852207111,14.696712827165934,35.992956195317745
2016-11-18 00:00:00-05:00,1773539968.0,0.21781140101274998,31.219189154379464,3.0003374099731444,0.0034599650297235662,0.00785944603468347,-0.2033308476261496,-0.2033308476261496,-0.5650635729902342,-0.04394371994035251,3.405123305416444,3.401309845328928,14.469397024570917,35.76564039272273
2016-11-21 00:00:00-05:00,1773539968.0,0.2603201946439506,38.902896395264335,3.0403186798095705,0.013325591216350352,0.006869353799631606,0.45345813832553294,0.45345813832553294,0.19516330841062035,0.24612129427477436,3.4119691727020327,3.4145474318027396,14.843342664571336,36.13958603272315
2016-11-22 00:00:00-05:00,1773539968.0,0.26583809738671077,40.031130856995894,3.0394807815551763,-0.00027559553541489645,-0.001106143556260153,-0.11584973166368517,-0.11584973166368517,0.021196598866665584,0.02900129723680167,3.410862416917473,3.414271798283896,14.720214420586508,36.01645778873832
2016-11-23 00:00:00-05:00,1773539968.0,0.22584393342547956,36.04274738984828,3.028854751586914,-0.003496001696324358,-0.0072000324543801675,0.5012949174490127,0.5012949174490127,-0.1504455695191509,-0.09963204590435892,3.403636339135986,3.410769671293449,15.126542434583618,36.42278580273543
2016-11-25 00:00:00-05:00,1773539968.0,0.3636863317653763,43.41494838038847,3.0735910415649412,0.014770034764654216,0.024823776362023597,-0.5509973045822103,-0.5509973045822103,0.6103435954607113,0.2045404838538094,3.42815701144501,3.425431691382749,14.325816046483377,35.62205941463519
2016-11-28 00:00:00-05:00,1773539968.0,0.40399535415017934,41.684761028167124,3.0816997528076167,0.0026381880780557143,0.00544328803519889,0.43294513146836344,0.43294513146836344,0.11083458151737058,-0.039852341572814476,3.433585538329793,3.4280664055511805,14.685547905320966,35.98179127347278
2016-11-29 00:00:00-05:00,1773539968.0,0.4122225408507377,42.547670341358824,3.102109336853028,0.006622833397970318,0.0013531940247464291,-0.2361122748219523,-0.2361122748219523,0.020364557701076924,0.020700833875684665,3.4349378176126275,3.434667404339677,14.41621344813294,35.71245681628475
2016-11-30 00:00:00-05:00,1773539968.0,0.47933001301758976,42.93341667406449,3.0487075805664063,-0.01721465960345414,0.011533872922985688,1.0,1.0,0.16279428104139293,0.009066215132599087,3.446405682490721,3.417302849731886,15.11826025337382,36.41450362152563
2016-12-01 00:00:00-05:00,1773539968.0,0.48912159060232446,59.629604363897236,3.0347272872924806,-0.004585645853030118,-0.036077157896465706,-0.032016089579822826,-0.032016089579822826,0.020427632985242195,0.38888560434368347,3.4096616556041264,3.412706657551412,15.085720440063362,36.381963808215176
2016-12-02 00:00:00-05:00,1773539968.0,0.45981675602919453,57.71908868969907,3.081978988647461,0.015570328692413593,0.011551622330381983,-0.46063566936208444,-0.46063566936208444,-0.05991318955485636,-0.03203971742859468,3.421147067350544,3.428157012427933,14.468356441750693,35.764599809902506
2016-12-05 00:00:00-05:00,1773539968.0,0.35484912757734516,69.01649811642646,3.080860137939453,-0.00036302995968795493,0.008678866030814802,0.2677771993753253,0.2677771993753253,-0.22828143401799994,0.19573090433674167,3.4297884885202206,3.427793916556917,14.705621572055044,36.00186494020686
2016-12-06 00:00:00-05:00,1773539968.0,0.3545909705889163,63.36238386747328,3.068838119506836,-0.0039021629981093042,-0.0005432851958326879,-0.41282746160794936,-0.41282746160794936,-0.0007275119716126932,-0.08192409645900978,3.429245055691512,3.4238841202567123,14.17318500223609,35.4694283703879
2016-12-07 00:00:00-05:00,1773539968.0,0.3635489967068905,68.42631764325388,3.0858943939208983,0.005557893166682648,-0.009152412412469557,0.2272727272727273,0.2272727272727273,0.025262984286081647,0.07992019028785546,3.420050502629751,3.429426625325774,14.377979414882104,35.67422278303391
2016-12-08 00:00:00-05:00,1773539968.0,0.35113286788526366,62.164669354991325,3.063526153564453,-0.007248543696281362,0.002469229364862713,-0.026096866096866123,-0.026096866096866123,-0.03415255972123421,-0.09150935639863256,3.4225166884568843,3.4221516832929484,14.351535982752006,35.64777935090382
2016-12-09 00:00:00-05:00,1773539968.0,0.27666593519899463,65.54330147527878,3.1035078048706053,0.013050860120659591,0.015600597195265076,0.3642639831500116,0.3642639831500116,-0.21207622383730218,0.05434971592937754,3.4379968473272178,3.43511811472329,14.662151059481328,35.95839442763314
2016-12-12 00:00:00-05:00,1773539968.0,0.19347618440029715,58.905464514071326,3.0940017700195312,-0.0030629969211468655,-0.011408488925514715,-0.3876833347628441,-0.3876833347628441,-0.3006866412334517,-0.1012740709088491,3.426522782365865,3.432050417226053,14.171645356050497,35.46788872420231
2016-12-13 00:00:00-05:00,1773539968.0,0.2565992848444451,64.91205928321139,3.144048309326172,0.016175342817055016,0.017082849143875034,0.8725311668300884,0.8725311668300884,0.32625772851478163,0.10197007728723051,3.4434613603658537,3.4480963330047163,14.798936436823267,36.095179804975075
2016-12-14 00:00:00-05:00,1773539968.0,0.4395105871305419,63.59397908786685,3.1261552810668944,-0.0056910793025035655,0.01679652871641424,0.33019150209455406,0.33019150209455406,0.7128285739259983,-0.020305629029480632,3.4601183873235644,3.4423889978053275,15.08425935522912,36.380502723380935
2016-12-15 00:00:00-05:00,1773539968.0,0.44424186353407513,59.23022197605966,3.1325860977172852,0.0020571008386365275,-0.016694428043989795,-0.6075806995838489,-0.6075806995838489,0.010764874708531158,-0.06861902926026775,3.4432830366995133,3.4444439857092175,14.148834988294755,35.445078356446565
2016-12-16 00:00:00-05:00,1773539968.0,0.40985845814867305,59.86212845369283,3.1457260131835936,0.004194590366050521,0.00768433160325821,-0.02135282315849818,-0.02135282315849818,-0.0773979406440265,0.01066864949262869,3.4509379942108835,3.448629803304662,14.127250895509126,35.423494263660935
2016-12-19 00:00:00-05:00,1773539968.0,0.32584084879765746,58.467262149050406,3.155233764648437,0.0030224347018770192,-0.006206788788554629,-0.08024600966466544,-0.08024600966466544,-0.20499176650037276,-0.023301314882604673,3.4447118632320013,3.451647679633389,14.043601849002417,35.33984521715423
2016-12-20 00:00:00-05:00,1773539968.0,0.3204490271813952,68.69074695270052,3.1485218048095702,-0.002127246454468268,0.004907121909399459,-0.48415857347556124,-0.48415857347556124,-0.016547408454642643,0.1748582784257524,3.4496069844618704,3.4495181673763313,13.381645975334411,34.67788934348622
2016-12-21 00:00:00-05:00,1773539968.0,0.18644797092251053,71.30428528209673,3.144328498840332,-0.0013318332313382308,2.1149640061501884e-07,0.05339506172839514,0.05339506172839514,-0.4181665253832437,0.03804789502719852,3.4496071959582486,3.448185446466868,13.433664315454743,34.729907683606555
2016-12-22 00:00:00-05:00,1773539968.0,0.17622307392452907,61.335154780008835,3.132306671142578,-0.00382333706614546,-0.0034627198388386127,0.8244945795487841,0.8244945795487841,-0.05484048417041243,-0.1398110991877647,3.446138467029195,3.4443547817642495,14.034967321420488,35.3312106895723
2016-12-23 00:00:00-05:00,1773539968.0,0.1256044690615967,62.45383422163808,3.13705997467041,0.0015175089883834314,-0.006237158027769363,-0.6213264814517424,-0.6213264814517424,-0.2872416405845398,0.018238797075537105,3.439881776671453,3.4458711404994005,13.063886447645354,34.360129815797166
2016-12-27 00:00:00-05:00,1773539968.0,0.12853551558699544,67.74196824708983,3.1488021850585937,0.0037430621291889565,0.01120743948866676,0.7900763358778626,0.7900763358778626,0.023335527368547382,0.0846726880960591,3.4510268781441127,3.4496072148033528,13.646144712330535,34.942388080482345
2016-12-28 00:00:00-05:00,1773539968.0,0.17682589316054848,55.74687272359468,3.1138525009155282,-0.011099358450939123,-0.015162341335951846,0.5157545605306799,0.5157545605306799,0.37569676639970484,-0.17707037208813992,3.4357484132117833,3.4384457988471384,14.0620580870575,35.358301455209315
2016-12-29 00:00:00-05:00,1773539968.0,0.17990503865088,65.73025310760292,3.141811561584473,0.008978929047128714,0.006752349294881332,-0.36902156924038765,-0.36902156924038765,0.017413431004337232,0.17908413326623807,3.44247806750195,3.447384656994738,13.601574487400978,34.89781785555279
2016-12-30 00:00:00-05:00,1773539968.0,0.22529812094888169,60.74650741362498,3.150200080871582,0.002669962574992635,0.01439839997338277,0.030715878127322238,0.030715878127322238,0.25231690361986225,-0.07582118519792336,3.4567737948882247,3.4500510615514317,13.631828075530978,34.92807144368279
2017-01-03 00:00:00-05:00,1773539968.0,0.24400583882999327,65.03226522002069,3.1591470718383787,0.002840134193737187,-0.0024684877147234108,0.5505888007690458,0.5505888007690458,0.08303539240505353,0.07055150968950108,3.454302255434548,3.452887170184337,14.070462805793136,35.36670617394495
2017-01-04 00:00:00-05:00,1773539968.0,0.255601323780192,52.33501846615566,3.1521568298339844,-0.002212699138545271,-0.0011490745378923695,1.0,1.0,0.04752134213590553,-0.1952453403077229,3.453152520204337,3.4506720194098968,15.305353794712724,36.601597162864536
2017-01-05 00:00:00-05:00,1773539968.0,0.24711224424403375,59.2263692417993,3.1555118560791016,0.0010643589219174743,0.002919791955370288,-0.17437561987196826,-0.17437561987196826,-0.03321218924303604,0.1316776219368334,3.4560680578463043,3.4517358123034594,15.113738440215714,36.409981808367526
2017-01-06 00:00:00-05:00,1773539968.0,0.24694274446209588,54.41934702032955,3.146845245361328,-0.0027464991776460224,-0.005293081370261632,-0.615485420989407,-0.615485420989407,-0.0006859222312370905,-0.08116354730178466,3.450760918492202,3.44898553457684,14.157964866263034,35.45420823441485
2017-01-09 00:00:00-05:00,1773539968.0,0.1649011903428525,59.28821323612505,3.179278755187988,0.010306674557469808,0.00709554983138605,0.8744674808293098,0.8744674808293098,-0.33222905292459903,0.08946939796937703,3.4578314133592327,3.459239457516979,14.7862894751225,36.08253284327431
2017-01-10 00:00:00-05:00,1773539968.0,0.0754031831773136,54.53094854877052,3.171449279785156,-0.0024626577301710695,-0.0026422987669566522,-0.2703787878787879,-0.2703787878787879,-0.5427371808503025,-0.0802396366442677,3.4551856175593936,3.456773762457634,14.471059708108902,35.76730307626071
2017-01-11 00:00:00-05:00,1773539968.0,0.1263364789635132,62.70981191362952,3.199409294128418,0.00881616317230094,0.008123757357652917,0.6880905409614786,0.6880905409614786,0.675479384821565,0.14998571604790856,3.4632765548287194,3.465551290174995,14.994657740854555,36.29090110900636
2017-01-12 00:00:00-05:00,1773539968.0,0.24822815476681037,66.35514529416324,3.2128292083740235,0.004194497487468585,0.010597985331080917,-0.32777709435354907,-0.32777709435354907,0.9648177375475242,0.058130191580775925,3.473818775164981,3.4697370152798137,14.59749245222471,35.89373582037652
2017-01-13 00:00:00-05:00,1773539968.0,0.2462533105723741,71.60299640742548,3.2212169647216795,0.002610707200306317,-0.008493628063556358,-0.45640040259859094,-0.45640040259859094,-0.007955762295745572,0.07908732759151782,3.465288870684267,3.4723443205038333,13.987950114903779,35.28419348305559
2017-01-17 00:00:00-05:00,1773539968.0,0.27519925771323583,54.838586633608905,3.1622228622436523,-0.0183142281703228,0.007080561981380296,1.0,1.0,0.11754541319092038,-0.23413000314157306,3.4723444831883126,3.453860310715607,16.914403930230925,38.21064729838274
2017-01-18 00:00:00-05:00,1773539968.0,0.22121085858797082,57.703912548845054,3.1915802001953124,0.009283766271562133,-0.005121130810346819,-0.37185997636808066,-0.37185997636808066,-0.19617930503839587,0.052250178043065754,3.4672101944460265,3.463101247703052,16.449411760430163,37.74565512858197
2017-01-19 00:00:00-05:00,1773539968.0,0.23274113077508785,73.87076015794693,3.264554977416992,0.022864779402132385,0.009248049180329954,-0.21244974152785756,-0.21244974152785756,0.05212344575088612,0.2801690023257437,3.4764157422550963,3.4857085454883627,16.210583670393472,37.50682703854528
2017-01-20 00:00:00-05:00,1773539968.0,0.2482268176351959,72.76097803102498,3.2796531677246095,0.004624884681698083,0.009336120808210335,-0.486206582186161,-0.486206582186161,0.0665360987485828,-0.015023293716608266,3.485708550857395,3.490322768251691,15.544649665210661,36.84089303336248
2017-01-23 00:00:00-05:00,1773539968.0,0.39443293353168535,75.72018032090108,3.324946975708008,0.013810548148547985,0.01464526672867561,0.4586394123283295,0.4586394123283295,0.5890020961045386,0.040670182973822966,3.5002476113572567,3.5040388198192196,15.922153757069255,37.21839712522107
2017-01-24 00:00:00-05:00,1773539968.0,0.5571034454757068,76.78997648591968,3.349551773071289,0.007400057066486498,0.009622767385841113,-0.25265795684013337,-0.25265795684013337,0.4124161501614416,0.014128283378153972,3.5098243748050284,3.5114116307959278,15.63092144752361,36.927164815675425
2017-01-25 00:00:00-05:00,1773539968.0,0.7340019378576157,83.14616597908989,3.4490875244140624,0.02971614057229721,0.01839305373931932,0.31909629533172734,0.31909629533172734,0.31753257643354993,0.08277368719256839,3.5280503222841064,3.5406948033777255,15.907868324910657,37.204111693062465
2017-01-26 00:00:00-05:00,1773539968.0,0.9301038424131155,83.44580379362984,3.4605499267578126,0.0033233144310240714,0.01658297623327787,-0.3084402764067128,-0.3084402764067128,0.26716810193700113,0.003603747821821379,3.5444973023878954,3.5440126078036243,15.539062561479213,36.835305929631026
2017-01-27 00:00:00-05:00,1773539968.0,0.9188936318050518,84.27250869731971,3.4563568115234373,-0.0012116904316139543,0.0005654746156833479,0.03254585682677891,0.03254585682677891,-0.012052644120875033,0.009907087787594415,3.545062617183055,3.5428001826816207,15.571090019737571,36.86733338788938
2017-01-30 00:00:00-05:00,1773539968.0,0.7629434290157396,74.90972958484852,3.4107826232910163,-0.013185614425130443,-0.014124300146458268,-0.43035874749429737,-0.43035874749429737,-0.1697151850785683,-0.11110122692679458,3.5308376197994265,3.5295268662529566,15.008341521871365,36.30458489002318
2017-01-31 00:00:00-05:00,1773539968.0,0.5678405606236794,77.834913694921,3.4446144104003906,0.009919068684808297,0.0012282390671356502,0.8804756704283461,0.8804756704283461,-0.25572389901012604,0.039049454941086026,3.5320651051980194,3.5393970638805023,15.639866282895317,36.936109651047126
2017-02-01 00:00:00-05:00,1773539968.0,0.4175285549585329,74.7343449040171,3.4337093353271486,-0.0031658333194903854,0.008503367617343827,-0.26918113183196746,-0.26918113183196746,-0.26470811718707354,-0.03983519276525149,3.5405325228384297,3.53622620870901,15.326276646595005,36.62252001474682
2017-02-02 00:00:00-05:00,1773539968.0,0.23766707652777197,74.26344448154587,3.4384632110595703,0.0013844723790428226,-8.085937653135034e-05,0.10953158800935947,0.10953158800935947,-0.4307764733567121,-0.006300990837291964,3.540451660192603,3.5376097235898203,15.430214580070874,36.72645794822269
2017-02-03 00:00:00-05:00,1773539968.0,0.20761544677489213,76.08945194505662,3.48235969543457,0.012766309156314382,0.004621752444391669,-0.11885245901639341,-0.11885245901639341,-0.12644422690733204,0.024588240907200243,3.545062765133312,3.550295230393268,15.303684382905335,36.599927751057145
2017-02-06 00:00:00-05:00,1773539968.0,0.25034470956727606,86.2917804895603,3.4834766387939453,0.00032074324798769815,0.005972180170251695,-0.44348611424700835,-0.44348611424700835,0.20580965171976495,0.13408334905435604,3.551017182522173,3.5506159222141367,14.717621226264596,36.013864594416404
2017-02-07 00:00:00-05:00,1773539968.0,0.27053382066421744,86.01801450162118,3.504167938232422,0.00593984159619354,-0.001684531599155381,-0.18029860434923728,-0.18029860434923728,0.08064524763410619,-0.00317256158565693,3.549331230504279,3.556538192497447,14.518806069576035,35.81504943772784
2017-02-08 00:00:00-05:00,1773539968.0,0.3225507332016966,84.14896182770957,3.5259761810302734,0.006223515305848082,0.011813836147188672,0.9432785587012473,0.9432785587012473,0.1922750819463781,-0.021728619112411418,3.5610758280712074,3.5627424217087547,15.18318259495607,36.47942596310788
2017-02-09 00:00:00-05:00,1773539968.0,0.3156630312665789,81.75715350965429,3.518147277832031,-0.0022203505628771714,0.0016679065047864317,-0.21241913300392234,-0.21241913300392234,-0.021353856079473488,-0.028423503583471232,3.5627423451646636,3.5605196025127355,14.944393369650632,36.24063673780244
2017-02-10 00:00:00-05:00,1773539968.0,0.29383308275674114,75.54486431248881,3.501931381225586,-0.004609214829811803,-0.004361102754120161,0.017722010219261453,0.017722010219261453,-0.06915586035604615,-0.07598465614916372,3.5583717050629247,3.5558997324982866,14.961960176046544,36.25820354419836
2017-02-13 00:00:00-05:00,1773539968.0,0.24655855227559292,69.79414413503937,3.4840366363525392,-0.005109964452468585,0.0034244695246221646,0.4037496027963139,0.4037496027963139,-0.1608890668049312,-0.07612324450887586,3.561790324443739,3.5507766675296275,15.301107120158028,36.597350488309836
2017-02-14 00:00:00-05:00,1773539968.0,0.21541696908645616,51.1433243557942,3.4552379608154298,-0.008265893428508475,-0.01262013385972005,-0.3383285041651576,-0.3383285041651576,-0.12630502126865184,-0.267226140679641,3.5490898802948765,3.542476422173479,14.888121044093383,36.184364412245195
2017-02-15 00:00:00-05:00,1773539968.0,0.35348293285019317,53.326811899539216,3.4792835235595705,0.00695916258643603,-0.014147826235831884,-0.3858364693807732,-0.3858364693807732,0.6409242704938678,0.04269350049587928,3.5348410194869997,3.549411481548795,14.400626994310514,35.69687036246233
2017-02-16 00:00:00-05:00,1773539968.0,0.3475811758801781,57.87032884572398,3.503888320922852,0.007071800040632903,0.01777574858826214,0.66198752228164,0.66198752228164,-0.016696016756532428,0.08520136089785679,3.552460627089675,3.5564583936775236,14.908641183063144,36.20488455121496
2017-02-17 00:00:00-05:00,1773539968.0,0.33222424264879113,68.15688339976522,3.503888320922852,0.0,-0.0004806726385228055,-0.5602292532511061,-0.5602292532511061,-0.044182292647174326,0.17775179023889898,3.5519798388910266,3.5564583936775236,14.087139465093808,35.38338283324562
2017-02-21 00:00:00-05:00,1773539968.0,0.29841591474894347,65.5658578730675,3.5184276580810545,0.004149486463761898,0.0019238116823776519,-0.08154866244950842,-0.08154866244950842,-0.10176357881139919,-0.038015610418985823,3.553901802417666,3.5605992947640726,14.002073109015484,35.2983164771673
2017-02-22 00:00:00-05:00,1773539968.0,0.2949961580203751,68.38846095755929,3.5173084259033205,-0.00031810578090574193,0.00367969632553633,0.18405111608995095,0.18405111608995095,-0.011459699565438353,0.04304989175854623,3.557574745222877,3.5602811383767903,14.171014816918667,35.46725818507048
2017-02-23 00:00:00-05:00,1773539968.0,0.36294375586298777,74.75420294205944,3.579379653930664,0.01764736568741543,0.012275132035047376,0.26848412642792074,0.26848412642792074,0.2303338399340089,0.09308210618236634,3.5697751487381573,3.577774597366809,14.408837403242009,35.70508077139382
2017-02-24 00:00:00-05:00,1773539968.0,0.4279015274450444,69.1864572067989,3.5760242462158205,-0.000937427163156368,0.001259819038774035,-0.15558011049723752,-0.15558011049723752,0.17897475995310508,-0.07448070497890247,3.571034174870802,3.5768367305440223,14.239731994554882,35.535975362706694
2017-02-27 00:00:00-05:00,1773539968.0,0.3120932923631711,70.14418665221065,3.584971237182617,0.002501938004549231,-0.0012583002548505196,0.21951059931954986,0.21951059931954986,-0.2706422568139736,0.013842729980364288,3.569775082291461,3.579335543912361,14.438181624719896,35.73442499287171
2017-02-28 00:00:00-05:00,1773539968.0,0.3432355990686719,63.336957127724816,3.569873046875,-0.004211523415033724,0.007086621282819117,-0.1009174311926605,-0.1009174311926605,0.09978524840983005,-0.09704623931613154,3.5768367114772293,3.575115127053843,14.331801221161323,35.628044589313134
2017-03-01 00:00:00-05:00,1773539968.0,0.29909792837521615,63.910493083778206,3.595595932006836,0.007205546190039769,-0.0032838139803452737,0.39234992242511035,0.39234992242511035,-0.12859292804481226,0.009055312759923106,3.5735474939470104,3.582294837329613,14.66279413253515,35.95903750068696
2017-03-02 00:00:00-05:00,1773539968.0,0.22418985164629335,59.15179579213508,3.567635345458984,-0.007776342802859326,0.0017254742658388,0.3897484249774996,0.3897484249774996,-0.2504466585102896,-0.07445877917738952,3.5752714812923116,3.574488101104077,14.991916874072404,36.288160242224215
2017-03-03 00:00:00-05:00,1773539968.0,0.17447108261040126,56.57743806493229,3.5391170501708986,-0.00799361272288801,-0.013312336495900357,-0.6102938908933913,-0.6102938908933913,-0.2217708280316537,-0.04352121001109299,3.561869741312222,3.5664623681734957,14.049554483746773,35.34579785189858
2017-03-06 00:00:00-05:00,1773539968.0,0.21625689569425638,57.83622342700287,3.5273746490478524,-0.0033178900151039636,-0.00015854782806812295,0.22718999762601877,0.22718999762601877,0.23949993579832363,0.02224889293548271,3.561711180914118,3.5631389617560583,14.254281484778911,35.55052485293072
2017-03-07 00:00:00-05:00,1773539968.0,0.2551481759593443,63.414386970108566,3.5229000091552733,-0.001268546819597649,-0.0020641233380949142,0.14173329894248132,0.14173329894248132,0.1798383359764506,0.09644757580249141,3.559644924337429,3.561869609649843,14.386829030159086,35.6830723983109
2017-03-08 00:00:00-05:00,1773539968.0,0.27519390759861917,52.94129886497564,3.4943824768066407,-0.008094902573028362,0.0006366608693195719,-0.09200271094544221,-0.09200271094544221,0.07856505955374327,-0.16515318692696013,3.5602813826241966,3.553741765459752,14.290315144151052,35.586558512302865
2017-03-09 00:00:00-05:00,1773539968.0,0.2870970754389773,48.815081602565606,3.4982959747314455,0.0011199397749901419,-0.007949357818619274,0.5157056664800648,0.5157056664800648,0.04325374767278389,-0.07793947921326538,3.552300260209965,3.5548610785700334,14.706196261123035,36.002439629274846
2017-03-10 00:00:00-05:00,1773539968.0,0.24896327587561834,51.78568709438683,3.5128353118896483,0.004156119797530611,0.004807816540410403,-0.5749343401181878,-0.5749343401181878,-0.13282545461339712,0.060854256395734385,3.5570965561117536,3.5590085855573457,13.850684632971928,35.14692800112374
2017-03-13 00:00:00-04:00,1773539968.0,0.13157823164950758,53.04325903516187,3.534083938598633,0.006048853653077835,0.006379356331093877,0.32091137285190197,0.32091137285190197,-0.47149541960861785,0.024284160572841884,3.563455650475798,3.565039218335185,14.129006565309036,35.42524993346085
2017-03-14 00:00:00-04:00,1773539968.0,0.16264097100483332,53.043416361662764,3.5329654693603523,-0.0003164806659131658,0.0033280789441989533,-0.21955854407250397,-0.21955854407250397,0.23607810323875866,2.9660036686696145e-06,3.5667782036220674,3.5647226875786973,13.881111015048223,35.17735438320003
2017-03-15 00:00:00-04:00,1773539968.0,0.1929102983182876,49.83817078329143,3.578600311279297,0.05472310544658332,0.0011329277083365064,0.42142723356433787,0.42142723356433787,0.18611132930677554,-0.060426831418949334,3.56791049005211,3.6180009607659214,14.232772475951949,35.52901584410376
2017-03-16 00:00:00-04:00,1773539968.0,0.5753321029212998,59.44264532670021,3.630704879760742,-0.025654247788132523,0.03392570572418374,1.0,1.0,1.0,0.1927132234682405,3.6012734122263406,3.5920119041722396,15.293563344323706,36.589806712475514
2017-03-17 00:00:00-04:00,1773539968.0,0.6506939990304695,63.959411663468565,3.6759384155273436,0.012458609902103124,-0.009218700666617119,-0.47018976370769094,-0.47018976370769094,0.13098851207244144,0.07598528483959544,3.5920119563710142,3.6043935442261894,14.658326963042924,35.95457033119474
2017-03-20 00:00:00-04:00,1773539968.0,0.7194010239879498,67.9528976634002,3.6845264434814453,0.002336281782585159,0.014350853378685136,-0.514400103319127,-0.514400103319127,0.10559037744293542,0.062437816359911524,3.6062608109418064,3.6067271011456974,13.935956711040141,35.232200079191955
2017-03-21 00:00:00-04:00,1773539968.0,0.7775998757825774,67.07173816178563,3.701704406738281,0.004662190248960307,0.0099503780928345,1.0,1.0,0.08089903941477083,-0.01296721011044033,3.616162009986873,3.6113784570471745,14.746965726358201,36.04320909451001
2017-03-22 00:00:00-04:00,1773539968.0,0.7243758132925601,72.81820835015824,3.698268508911133,-0.0009281934616103271,-0.0053879464371264785,0.2541170908517847,0.2541170908517847,-0.0684465933542654,0.08567647635001485,3.610759496217443,3.6104498325472676,14.973397538094856,36.269640906246664
2017-03-23 00:00:00-04:00,1773539968.0,0.5946492146158252,82.36451063864652,3.720026397705078,0.0058832636790753234,-0.0006191887987500033,-0.337302085951244,-0.337302085951244,-0.17908742436757896,0.13109773646974832,3.6101401156421407,3.616315857411202,14.56196151054653,35.858204878698345
2017-03-24 00:00:00-04:00,1773539968.0,0.33899247093352,87.59496670178814,3.754953384399414,0.009388908292662368,0.009137382122116566,0.09817492296752794,0.09817492296752794,-0.42992866617586134,0.0635037593568537,3.61923600445684,3.6256609638586292,14.655611151480382,35.95185451963219
2017-03-27 00:00:00-04:00,1773539968.0,0.4841206125608775,89.47524322171981,3.770985794067383,0.004269669427742651,0.015653817759552657,-0.1457739791073125,-0.1457739791073125,0.42811612077313277,0.021465577198436003,3.634768564999665,3.629921544110527,14.498051692736995,35.79429506088881
2017-03-28 00:00:00-04:00,1773539968.0,0.3656653841281152,92.30200862359398,3.7520915985107424,-0.005010412817350152,-0.010425905230729615,0.5328717974632371,0.5328717974632371,-0.2446812330633138,0.03159270989484142,3.6242879292766847,3.624898537089157,14.925194660599434,36.221438028751244
2017-03-29 00:00:00-04:00,1773539968.0,0.3269354786167092,92.97740325350212,3.785300445556641,0.008850755951448352,0.0006106156059602075,0.2150062635986023,0.2150062635986023,-0.10591624800294619,0.007317225702664798,3.624898358532791,3.633710354687393,15.119943892603844,36.416187260755656
2017-03-30 00:00:00-04:00,1773539968.0,0.41852756389635387,90.5472381294781,3.7778568267822266,-0.001966453886943609,0.014802322371529897,-0.11129802474495332,-0.11129802474495332,0.2801533980563331,-0.02613715848138054,3.6395921957748665,3.6317419647915403,15.001950556997905,36.29819392514972
2017-03-31 00:00:00-04:00,1773539968.0,0.38624377643159397,90.49542740178791,3.797323989868164,0.005152964757141998,-0.004812081096501997,0.7918727483666117,0.7918727483666117,-0.07713658609294083,-0.0005721955606874385,3.634768499338506,3.636881698459215,15.585211858073114,36.88145522622492
2017-04-03 00:00:00-04:00,1773539968.0,0.2868856405719252,85.8026422384246,3.7784290313720703,-0.004975861566331563,0.001359913000881452,-0.538344891039512,-0.538344891039512,-0.25724203708241666,-0.05185659980949042,3.6361274884951724,3.6318934160737384,14.812274673988306,36.10851804214012
2017-04-04 00:00:00-04:00,1773539968.0,0.21836391636930824,84.25931866298839,3.790453338623047,0.0031823562520665316,-0.0051304025360224825,-0.36187488466506734,-0.36187488466506734,-0.23884682435138427,-0.017986900346817825,3.630983880257653,3.635070719347561,14.363053764665427,35.65929713281724
2017-04-05 00:00:00-04:00,1773539968.0,0.21592293340749694,82.21759479944583,3.807057571411133,0.0043805400844527664,0.002730034604512932,0.4895893580104107,0.4895893580104107,-0.011178508804920773,-0.024231430967402323,3.633710195086235,3.6394416927941498,14.761554247987776,36.05779761613959
2017-04-06 00:00:00-04:00,1773539968.0,0.2092274027834014,73.36460091031924,3.790453338623047,-0.00436143464516392,0.007865766644848948,-0.4729178800232965,-0.4729178800232965,-0.031008890618670404,-0.10767760733845089,3.6415451878567024,3.635070719347561,14.121155330790227,35.41739869894204
2017-04-07 00:00:00-04:00,1773539968.0,0.14593147390648306,73.91328873467049,3.804195785522461,0.0036255417681532176,-0.0015007220494976936,-0.15233885819521176,-0.15233885819521176,-0.3025221746046536,0.007478917864243151,3.6400433385959747,3.6386897046814632,13.95588101081155,35.25212437896336
2017-04-10 00:00:00-04:00,1773539968.0,0.14389541873429826,71.63807609419821,3.803049850463867,-0.00030122925401332434,-0.0009019535049217264,-0.024854436429999183,-0.024854436429999183,-0.013952131899178655,-0.030782186524532795,3.6391409780862394,3.638388430048805,13.930712487652958,35.22695585580477
2017-04-11 00:00:00-04:00,1773539968.0,0.24842743105765894,77.68774519276899,3.8545822143554687,0.013550273048699601,0.012035549680184054,1.0,1.0,0.7264443388317887,0.08444767682783594,3.6511046764770088,3.651847719131277,14.979192476706631,36.27543584485844
2017-04-12 00:00:00-04:00,1773539968.0,0.30673686776999926,77.91170891071624,3.8792022705078124,0.006387217805512657,0.0011890754598928854,-0.2808507980135553,-0.2808507980135553,0.23471416366579478,0.002882870617386679,3.6522930455465894,3.6582146251059866,14.649506047111599,35.945749415263414
2017-04-13 00:00:00-04:00,1773539968.0,0.3176578004420212,67.00820371535879,3.850000762939453,-0.007527709444379305,0.0038604597254920936,-0.04747014115092296,-0.04747014115092296,0.03560358672049424,-0.1399469392700966,3.6561460728197495,3.6506584394598107,14.60087222251203,35.897115590663844
2017-04-17 00:00:00-04:00,1773539968.0,0.2564396175849789,68.1188406179501,3.875767135620117,0.006692563006400976,-0.009761874694551254,-0.6027266095203356,-0.6027266095203356,-0.19271739202329397,0.016574640730695256,3.6463362386549627,3.657328706688397,13.677741628219378,34.97398499637119
2017-04-18 00:00:00-04:00,1773539968.0,0.2672523736503822,71.07427550445922,3.868896484375,-0.0017727203427606586,0.009111395658387256,0.5807414208653736,0.5807414208653736,0.04216492040985109,0.043386453141281534,3.6554063759726048,3.6555544132175104,14.135635618905424,35.43187898705723
2017-04-19 00:00:00-04:00,1773539968.0,0.22437134261748834,54.68459597278503,3.8133571624755858,-0.014355339338676054,-0.00577247430565464,0.11892833805271175,0.11892833805271175,-0.16045145061645183,-0.23059931902711972,3.649617176542521,3.641095039159004,14.248007005123469,35.54425037327528
2017-04-20 00:00:00-04:00,1773539968.0,0.13663647144204613,60.28376418112145,3.8442760467529298,0.008108048357387876,-0.0008932926207239067,0.7806761404191811,0.7806761404191811,-0.391025298293169,0.10239022724284119,3.648723484698177,3.649170393894396,14.825000151469212,36.121243519621025
2017-04-21 00:00:00-04:00,1773539968.0,0.17311322071014243,53.96844607432457,3.8230911254882813,-0.005510770040185409,-0.004619101504850565,-0.5091101231688653,-0.5091101231688653,0.26696202619348064,-0.1047598502280419,3.6440936821785392,3.6436443835446437,14.113464691686659,35.40970805983847
2017-04-24 00:00:00-04:00,1773539968.0,0.24421831711124597,68.63831144313987,3.933597183227539,0.028904897663181828,0.01811345581884538,1.0,1.0,0.4107433049273608,0.27182300836700346,3.662045043820628,3.672139414029338,14.831103490912291,36.127346859064104
2017-04-25 00:00:00-04:00,1773539968.0,0.37403050563758306,66.02205572456847,3.923290252685547,-0.0026202303036874097,0.008969137900633362,-0.410575878304962,-0.410575878304962,0.5315415733833151,-0.038116551289853695,3.670974197906309,3.669515744913929,14.302494207244694,35.598737575396505
2017-04-26 00:00:00-04:00,1773539968.0,0.42485615732055854,62.18842853188152,3.9078311920166016,-0.003940330608565912,0.0004372487843880002,0.7510753348900086,0.7510753348900086,0.1358863807013191,-0.058065856184183695,3.6714113511253035,3.6655676307494605,14.862724283546383,36.1589676516982
2017-04-27 00:00:00-04:00,1773539968.0,0.43358518727227163,61.088475208323324,3.8837833404541016,-0.0061537590496815175,-0.007137563278364567,-0.46376811594202894,-0.46376811594202894,0.020545847815327756,-0.017687427541191125,3.6642481935823246,3.659394859285885,14.239535691593348,35.53577905974516
2017-04-28 00:00:00-04:00,1773539968.0,0.40448517039806053,60.92892743112826,3.8958072662353525,0.0030959311391054456,-0.0038146154290018552,-0.3866239120476409,-0.3866239120476409,-0.06711487783354009,-0.0026117492153958644,3.660426283952264,3.6624860078985537,13.750758680734577,35.04700204888639
2017-05-01 00:00:00-04:00,1773539968.0,0.3712981945987697,58.916856622338756,3.8803478240966798,-0.00396822560311394,-0.0060382544876969035,0.2010028806145312,0.2010028806145312,-0.08204744754086024,-0.033023243533440994,3.6543697254860215,3.6585098879970626,13.933915622342896,35.23015899049471
2017-05-02 00:00:00-04:00,1690300032.0,0.23767960395216875,56.92524188078747,3.9118396759033205,0.00811572911352898,0.0130390397629776,0.0874122768055432,0.03637529429593478,-0.3598686785724643,-0.03380381873251792,3.667324488769078,3.6665928616845047,14.017716438063603,35.26588832191556
2017-05-03 00:00:00-04:00,1690300032.0,0.2345389796427339,51.11118308125789,3.8883640289306642,-0.00600117819686341,-0.0016089672192679538,-0.003022628870190336,-0.003022628870190336,-0.013213688752472308,-0.10213498629843942,3.665714225771958,3.6605736040495236,14.01468923182465,35.26286111567661
2017-05-04 00:00:00-04:00,1690300032.0,0.21193051052822182,55.800343392146964,3.895234298706055,0.001766879264460286,-0.0036625597740974625,0.6081612586037364,0.6081612586037364,-0.09639535888213924,0.09174431167899444,3.662044942403747,3.6623389242190343,14.48978068275453,35.73795256660649
2017-05-05 00:00:00-04:00,1690300032.0,0.22036040122124947,56.752945906362754,3.9295894622802736,0.008819793865963543,0.01029273683522991,0.1101599918475491,0.1101599918475491,0.03977667336343771,0.017071624586988632,3.672285069712588,3.6711200508945225,14.594284824491657,35.84245670834361
2017-05-08 00:00:00-04:00,1690300032.0,0.29067372131221053,59.35314054612731,3.9450496673583983,0.003934305409388328,0.004220754281346384,-0.2817147053423903,-0.2817147053423903,0.31908328221078186,0.04581602942787577,3.6764969415954263,3.6750466371640624,14.26339638195639,35.51156826580835
2017-05-09 00:00:00-04:00,1690300032.0,0.36152611964357473,67.5199817504631,3.9387508392333985,-0.0015966410200400905,0.005507090243411339,0.9390415335463258,0.9390415335463258,0.2437523351320161,0.13759745700379233,3.6819889232615135,3.6734487201543695,14.925590178073278,36.17376206192523
2017-05-10 00:00:00-04:00,1690300032.0,0.27131094961998725,66.721348896289,3.961081695556641,0.005669527531624308,-0.007350636290095136,-0.4391023528636394,-0.4391023528636394,-0.24953983992229878,-0.011828096416341638,3.6746111379208033,3.679102236403875,14.347373340796064,35.59554522464802
2017-05-11 00:00:00-04:00,1690300032.0,0.27018632110797713,71.32977854284265,3.964516448974609,0.0008671251142893244,0.00217778537614266,0.09652781857705195,0.09652781857705195,-0.0041451644822493305,0.06906979134544988,3.6767865553596564,3.6799689857823736,14.439521999689358,35.687693883541314
2017-05-12 00:00:00-04:00,1690300032.0,0.25905254605975686,63.35540384326891,4.002878952026367,0.009676464594233103,0.0037669487851419436,-0.3257072438919846,-0.3257072438919846,-0.041207767301331244,-0.11179587070754893,3.6805464269605825,3.6895989332333423,14.045431093557507,35.29360297740946
2017-05-15 00:00:00-04:00,1690300032.0,0.24487117135950623,66.81629555714221,4.009177398681641,0.0015734791710564355,0.010392756704479478,-0.08581644815256262,-0.08581644815256262,-0.05474323613472365,0.0546266222599574,3.6908855502484132,3.6911711757830763,13.955707188457557,35.20387907230951
2017-05-16 00:00:00-04:00,1663600000.0,0.4486622659896786,77.63396738528064,4.079030990600586,0.017423422555937762,0.015428408984943687,0.4081703607127336,0.3859268577956838,0.8322380029414636,0.1619016998463647,3.7061961515100568,3.7084445508981996,14.29799843369851,35.53024819953154
2017-05-17 00:00:00-04:00,1663600000.0,0.5920888097508582,82.19182368617291,4.072160720825195,-0.0016842896735087542,0.005768182041363312,-0.012468366150237609,-0.012468366150237609,0.3196759670546465,0.05870956302249253,3.711947761286743,3.7067588412141417,14.285451685256803,35.517701451089835
2017-05-18 00:00:00-04:00,1663600000.0,0.5984671498033157,65.08972976732849,4.001733779907227,-0.01729473509181567,-0.011609909882252523,0.4605912869554347,0.4605912869554347,0.010772606993098677,-0.20807536749816025,3.700269930182788,3.6893128051806046,14.664293030055669,35.8965427958887
2017-05-19 00:00:00-04:00,1663600000.0,0.5211664852310266,72.93778376413579,4.061854553222656,0.015023681389625843,-0.0019813896464833114,-0.37127695994522425,-0.37127695994522425,-0.1291644238078794,0.12057284651297762,3.698286574987064,3.7042247488205327,14.20022859292765,35.43247835876068
2017-05-22 00:00:00-04:00,1663600000.0,0.43001654592808436,73.13217386809512,4.096208953857422,0.008457811618958422,0.008224625204473535,-0.27035121154369723,-0.27035121154369723,-0.17489601094079676,0.00266514958266284,3.7064775622753023,3.712646993555423,13.885036620612885,35.11728638644591
2017-05-23 00:00:00-04:00,1663600000.0,0.284022752448716,68.41401135286011,4.045249938964844,-0.012440531102445251,0.0005626543715095966,1.0,1.0,-0.339507386080405,-0.06451555130502373,3.707040058416191,3.700128431203721,14.691520815336405,35.923770581169435
2017-05-24 00:00:00-04:00,1669810048.0,0.19203899913319464,69.36119647755567,4.065289688110353,0.004953896408842473,-0.00548221898022605,-0.5961770707533419,-0.5946696412185244,-0.3238605094925634,0.013844899691822565,3.7015427569244803,3.705070097442449,13.784742024292637,35.02071773748583
2017-05-25 00:00:00-04:00,1869549952.0,0.21102408313804494,69.63832274302477,4.103653335571289,0.009436879141267118,0.008763574726560197,1.0,1.0,0.09886056525259534,0.003995407800653883,3.71026815441396,3.7144627274046953,14.614593088932889,35.963556660401075
2017-05-26 00:00:00-04:00,1869549952.0,0.2161715790585635,69.32117062580888,4.114532089233398,0.0026509923652200396,0.0022417014131388413,-0.6438497863728356,-0.6438497863728356,0.024392931100433835,-0.004554275644837569,3.7125073469632026,3.7171102120875137,13.582190400198504,34.93115397166669
2017-05-30 00:00:00-04:00,1869549952.0,0.1976876990515073,67.64324463787403,4.097353744506836,-0.004175042107828819,-0.007269844955253957,1.0,1.0,-0.0855055973942287,-0.024205101742903024,3.7052109479107282,3.7129264301568154,14.711761834500702,36.06072540596889
2017-05-31 00:00:00-04:00,1869549952.0,0.1695672122192455,68.32914929779645,4.1294189453125,0.007825831696531615,0.007886336637239921,0.06345902709761675,0.06345902709761675,-0.14224702380159238,0.010140031921803683,3.7130663499292953,3.7207217988614234,14.773288662945248,36.12225223441343
2017-06-01 00:00:00-04:00,1842489984.0,0.25537868670876535,68.872530609179,4.140869903564453,0.002773019256123499,0.007684732164473296,0.03281016155646799,0.017861210932337945,0.5060617165691683,0.007952408554281032,3.7207217049472288,3.723490980392736,14.805572062289578,36.1399558082103
2017-06-02 00:00:00-04:00,1842489984.0,0.31763635515137584,69.062079039195,4.182094955444336,0.00995565010250532,0.002495726250795416,-0.15519803819573452,-0.15519803819573452,0.24378568644457532,0.0027521629935685077,3.723214322045253,3.7333973994921985,14.63691901846823,35.97130276438895
2017-06-05 00:00:00-04:00,1842489984.0,0.3689624918929337,68.557230768978,4.181521987915039,-0.00013700490672763355,0.008298668808900622,-0.1560452126489862,-0.1560452126489862,0.16158772731508453,-0.007310064759713963,3.73147874622825,3.7332603851994413,14.467262663157834,35.80164640907856
2017-06-06 00:00:00-04:00,1842489984.0,0.39518121884267443,63.98294518350113,4.192400360107422,0.0026015341360925426,-0.0020578031512152872,-0.1682734900203241,-0.1682734900203241,0.07106068374383412,-0.06672214636106222,3.729418822891014,3.735858541203219,14.28301105699189,35.617394802912614
2017-06-07 00:00:00-04:00,1842489984.0,0.4130436695802106,65.38457158258771,4.195837783813476,0.0008199178062198165,0.002199866671620976,0.0412907268170426,0.0412907268170426,0.045200657029825564,0.021906250096283664,3.731616273398792,3.7366781230604555,14.323472084115615,35.65785583003634
2017-06-08 00:00:00-04:00,1842489984.0,0.2844423350774458,65.19875650022003,4.12426528930664,-0.017057974639283047,-0.002606101669140992,0.1637884349238823,0.1637884349238823,-0.31135045510676007,-0.002841879634142397,3.729006769935129,3.719472985233682,14.47515265996682,35.80953640588755
2017-06-09 00:00:00-04:00,1842489984.0,0.3402934542111189,44.81023397336428,4.014904022216797,-0.026516545231315414,-0.020076864638319813,0.76862623442428,0.76862623442428,0.19635304680812138,-0.3127133648137438,3.708725626237149,3.692598535304256,15.045355766457602,36.37973951237833
2017-06-12 00:00:00-04:00,1842489984.0,0.5843508290002465,39.729817327343284,4.009177398681641,-0.0014263413280785064,-0.01417360496340947,-0.4152951150349343,-0.4152951150349343,0.7171967952040412,-0.11337625795573514,3.6944506164129094,3.6911711757830763,14.50870773727426,35.84309148319498
2017-06-13 00:00:00-04:00,1842489984.0,0.7252037100406498,44.01198411028253,3.9994434356689452,-0.0024279202551367174,-0.0015659135864140028,-0.29158542072896354,-0.29158542072896354,0.24104163808817636,0.10778219158818358,3.6928834755023923,3.688740303350154,14.163981944552319,35.498365690473044
2017-06-14 00:00:00-04:00,1842489984.0,0.6972178813051697,48.127634645273396,4.0498302459716795,0.012598455538428421,0.010265161664914757,0.9388100783400382,0.9388100783400382,-0.038590300005375555,0.09351204264452417,3.703096308200832,3.7012600586591593,14.826056367763933,36.16044011368466
2017-06-15 00:00:00-04:00,1842489984.0,0.6947454721034093,41.358868455935976,4.036660766601562,-0.003251859601576368,-0.012277778969026598,-0.028029558443449454,-0.028029558443449454,-0.0035461069890120323,-0.14064198748238665,3.690742534633045,3.6980029002717587,14.7976264828586,36.13201022877932
2017-06-16 00:00:00-04:00,1842489984.0,0.5387378046896972,47.417107509850034,4.092200469970703,0.013758823587224356,0.015859358593400374,-0.3662784165387064,-0.3662784165387064,-0.2245537015756054,0.14647980663128024,3.706477447626193,3.711667930589848,14.341480919056718,35.67586466497744
2017-06-19 00:00:00-04:00,1878860032.0,0.35976544225281176,51.963455108942284,4.114532089233398,0.005457117613510976,0.007454564513450723,-0.38591099816795693,-0.3737891160047683,-0.33220680056037677,0.09587990153443737,3.7139043641908613,3.7171102120875137,13.853865511840738,35.20779657575737
2017-06-20 00:00:00-04:00,1878860032.0,0.3646401917776793,42.67839364421831,4.062427520751953,-0.01266354651061996,-0.004327744828761082,0.10528341834279664,0.10528341834279664,0.0135497992646052,-0.17868445131790567,3.7095672275677942,3.704365799445075,13.95396730111129,35.307898365027924
2017-06-21 00:00:00-04:00,1878860032.0,0.3423827793072003,40.943866170056005,4.059563064575196,-0.0007051094849386264,-0.005188374428456544,0.3936438833260776,0.3936438833260776,-0.06103938340414583,-0.040641817230093524,3.7043653467871365,3.7036604412535263,14.285889116915083,35.63982018083172
2017-06-22 00:00:00-04:00,1878860032.0,0.30917358891759344,30.552396990121025,4.000588989257812,-0.01452719772529365,-0.006483135792664352,0.1586904910658502,0.1586904910658502,-0.09699433615441899,-0.25379794709114945,3.6978611041946627,3.689026690588568,14.433179597348262,35.7871106612649
2017-06-23 00:00:00-04:00,1878860032.0,0.3298149504575472,32.57763612209348,4.014329528808593,0.0034346291477771462,-0.0015608030600593459,-0.4835004852798447,-0.4835004852798447,0.06676301689357911,0.06628740562081936,3.6962990818125943,3.6924554348686955,13.772498667370984,35.126429731287615
2017-06-26 00:00:00-04:00,1878860032.0,0.2647488722140801,30.6026666923527,4.008032608032226,-0.0015686108305702495,0.002984151889848352,-0.19208685666562275,-0.19208685666562275,-0.19728056036635677,-0.06062347256685696,3.6992787899595325,3.690885592480098,13.55919794525855,34.91312900917519
2017-06-27 00:00:00-04:00,1828569984.0,0.34791777354899267,27.92786371623258,3.971387100219727,-0.009143016386408798,-0.010766487935052416,1.0,1.0,0.3141426085761032,-0.08740424496367583,3.6884539239975846,3.6817005221900856,14.766936746606683,36.09373681542304
2017-06-28 00:00:00-04:00,1828569984.0,0.3188956655283992,35.2201294756028,3.9897098541259766,0.004613691247885576,-0.0007159832305205782,-0.44740094230323624,-0.44740094230323624,-0.08341657203812458,0.26111076140534606,3.68773768432866,3.68630360298755,14.173814174894826,35.50061424371118
2017-06-29 00:00:00-04:00,1828569984.0,0.40513904584094124,38.303649060256205,3.916992950439453,-0.0182261132626782,-0.013757495407290432,0.3839541547277936,0.3839541547277936,0.27044387752853183,0.08754992189308597,3.6738846775717295,3.66790934794149,14.498758906344971,35.82555897516133
2017-06-30 00:00:00-04:00,1828569984.0,0.4857056489541599,39.91830918159412,3.924436569213867,0.001900340099815434,-0.005957440050625928,0.1379083977175175,0.1379083977175175,0.19886161045274653,0.042154211438128586,3.667909421180028,3.669807884679364,14.627950744712203,35.95475081352856
2017-07-03 00:00:00-04:00,1828569984.0,0.5472339391431377,38.15103014530467,3.895234298706055,-0.007441137088798011,-0.003216118215253916,-0.6797284104020591,-0.6797284104020591,0.1266781441011915,-0.04427239210583411,3.6646881201412214,3.6623389242190343,13.489364819060365,34.816164887876724
2017-07-05 00:00:00-04:00,1828569984.0,0.570840745757188,31.457500543176195,3.902678298950195,0.0019110532700468141,-0.0038128475118913707,1.0,1.0,0.04313841837188326,-0.17544820091711888,3.660867985196444,3.664248153749919,14.280124689925572,35.606924758741926
2017-07-06 00:00:00-04:00,1828569984.0,0.5446648329194151,28.75994733428135,3.8522911071777344,-0.0129109262697914,-0.01001036654497367,0.14697750408445387,0.14697750408445387,-0.04585501829070038,-0.08575230588305605,3.6508071780305698,3.651253157069688,14.417254915050876,35.74405498386723
2017-07-07 00:00:00-04:00,1828569984.0,0.4759743484119271,19.282741642990132,3.856872177124024,0.0011891806249413328,0.005948071266662414,-0.13575850545115875,-0.13575850545115875,-0.1261151452340067,-0.3295279223267059,3.6567376293565874,3.6524416311794106,14.271351873397505,35.59815194221386
2017-07-10 00:00:00-04:00,1828569984.0,0.36463614297996483,12.465396455120597,3.804195785522461,-0.01365780072100875,-0.00916472950868541,0.8725198098256735,0.8725198098256735,-0.2339163986534959,-0.3535464673068338,3.6475306453489105,3.6386897046814632,14.898636889096936,36.225436957913296
2017-07-11 00:00:00-04:00,1861750016.0,0.34563969245338283,15.070509005678161,3.8076305389404297,0.0009028855536405977,-0.0032822782453623134,-0.28288025999526045,-0.2698678753835765,-0.05209700380037685,0.20898754082445747,3.6442429686121707,3.639592182879121,14.566124438172547,35.91090718932164
2017-07-12 00:00:00-04:00,1861750016.0,0.286647422660819,33.083751151981744,3.9043964385986327,0.02541367884005119,0.014069894188678989,-0.16654864750035403,-0.16654864750035403,-0.17067562285405125,1.0,3.658214800585812,3.664688303161558,14.383944494350578,35.72872724549967
2017-07-13 00:00:00-04:00,1830269952.0,0.35822903309203813,38.58159151604727,3.908404541015625,0.001026561334133147,0.013579331411984752,0.8994052676295667,0.8672884963804475,0.24972005597245306,0.16617947399039723,3.6717027591359126,3.665714337941934,15.025485314485845,36.35321462216045
2017-07-14 00:00:00-04:00,1830269952.0,0.436807805395208,44.70009342565853,3.966807556152344,0.014942929915218617,0.001165131185394852,-0.4633208087314368,-0.4633208087314368,0.21935344442889138,0.15858604244115715,3.6728672120827417,3.6805467221703916,14.403130542309293,35.7308598499839
2017-07-17 00:00:00-04:00,1830269952.0,0.5629408005522061,43.58656955042392,3.9490570068359374,-0.004474769462631478,0.010908878902315955,0.4446296604989721,0.4446296604989721,0.288760854543058,-0.02491099659750229,3.683717018387853,3.6760619109593513,14.770983540713585,36.098712848388196
2017-07-18 00:00:00-04:00,1830269952.0,0.5550397695822635,42.47587337727433,3.900388717651367,-0.012324028014871424,-0.02071931228116597,-0.059502288549559634,-0.059502288549559634,-0.014035278598019896,-0.025482532454513485,3.6627800494425924,3.6636613123554613,14.709637477136708,36.03736678481131
2017-07-19 00:00:00-04:00,1830269952.0,0.4883351458967391,48.47834855648602,3.9736785888671884,0.018790401808964408,0.0008817010015884641,-0.09299852772779327,-0.09299852772779327,-0.12017989942545548,0.14131493250055605,3.663661361974179,3.682277355359419,14.612026271501252,35.93975557917586
2017-07-20 00:00:00-04:00,1817869952.0,0.41761162008356995,59.32002171306726,4.008032608032226,0.008645394537264872,0.022607058318226958,0.8130128956623681,0.8007298114748977,-0.14482579516839444,0.2236394901932095,3.6860166679397866,3.690885592480098,15.207016316134698,36.5279476127244
2017-07-21 00:00:00-04:00,1817869952.0,0.5602613097346943,65.12562982306363,4.096782684326172,0.022143052458227785,0.01650881921482683,0.23492252978188954,0.23492252978188954,0.3415845795252972,0.09786928497899527,3.7023906980482537,3.7127870475174007,15.41802455532555,36.73895585191524
2017-07-24 00:00:00-04:00,1817869952.0,0.7138932678818025,55.19598807818639,3.965089797973633,-0.03214544106925199,0.006213797554561085,1.0,1.0,0.2742148270417939,-0.15246903211307994,3.7085852695661514,3.6801135954848396,16.944929837034472,38.26586113362417
2017-07-25 00:00:00-04:00,1817869952.0,0.6969771447809866,54.50644758580816,3.962799072265625,-0.0005777235383618295,-0.029193098481924085,1.0,1.0,-0.023695591290569085,-0.012492583544323477,3.678957573515101,3.679535704999932,18.465243891623995,39.78617518821369
2017-07-26 00:00:00-04:00,1817869952.0,0.7000237095378323,56.294330587093626,3.933597183227539,-0.007369005721854727,0.0005782004264252016,-0.6360734947698434,-0.6360734947698434,0.004371111419734008,0.03280131214698678,3.679535606848066,3.672139414029338,17.454440551183932,38.77537184777363
2017-07-27 00:00:00-04:00,1861810048.0,0.6408607101509884,60.08094055907457,3.9994434356689452,0.01673944976424324,-0.0073689278781563505,-0.42494697919376834,-0.4110472583080601,-0.08451570794067009,0.06726449950626257,3.672139394299056,3.688740303350154,16.90114751884585,38.245962514405655
2017-07-28 00:00:00-04:00,1861810048.0,0.5508866403815682,45.38225073509757,3.7177364349365236,-0.07043655080105005,0.0053858558622172925,0.5502481559680825,0.5502481559680825,-0.14039567154650834,-0.24464813112445394,3.67751079830677,3.615700090844712,17.339562537586836,38.684377533146645
2017-07-31 00:00:00-04:00,1861810048.0,1.170370753400521,39.35832169207436,3.5797454833984377,-0.037116926913201675,-0.05993921705847571,-0.5919826894957785,-0.5919826894957785,1.0,-0.13273755588249048,3.615700055201889,3.577876796856572,16.443116859815255,37.787931855375064
2017-08-01 00:00:00-04:00,2233939968.0,1.5226618713556361,37.27876216253065,3.641011047363281,0.017114502762548778,-0.018019451024539057,-0.04137826394809474,0.15022658335115913,0.30100813518411207,-0.052836590589747656,3.5975162768174154,3.594846496339092,16.400858142089717,37.927890807343566
2017-08-02 00:00:00-04:00,2233939968.0,1.5351749955794722,38.603139700097714,3.667349624633789,0.0072338635966462395,-0.0026662433268057617,-0.29188492527076626,-0.29188492527076626,0.008217927078383758,0.0355263281487983,3.594846472733232,3.6020543210435916,16.055709478522225,37.58274214377607
2017-08-03 00:00:00-04:00,2233939968.0,1.4593998247612234,38.999489663536316,3.732624053955078,0.017798801860296365,0.02390335525790266,-0.3120636069482289,-0.3120636069482289,-0.049359304988970676,0.010267298632126609,3.618468615265556,3.6196965790296978,15.68165058123985,37.2086832464937
2017-08-04 00:00:00-04:00,2233939968.0,1.2739052051881599,41.824917625636495,3.7715587615966797,0.010430921271148863,0.021194726435652678,-0.059861061686754424,-0.059861061686754424,-0.12710335880944268,0.07244781884266271,3.6394418575516836,3.630073473615529,15.619922973315644,37.146955638569494
2017-08-07 00:00:00-04:00,2286650112.0,1.0684773387869722,42.657303811717455,3.744074249267578,-0.007287308528494463,-0.012934461673776654,-0.190754394049108,-0.17166012426923238,-0.16125836174038188,0.019901681421860218,3.6264230173448686,3.6227594829478926,15.40827015734556,36.95862390768531
2017-08-08 00:00:00-04:00,2286650112.0,0.5861050451782005,35.714275491284184,3.6690673828125,-0.020033487976300446,-0.004113800193022543,0.3623126512517032,0.3623126512517032,-0.4514576735491671,-0.1627629432717711,3.622300732197566,3.602522603642129,15.717453891777852,37.267807642117596
2017-08-09 00:00:00-04:00,2286650112.0,0.5950979045326695,35.016288706701644,3.6919700622558596,0.006242098346475045,-0.013004992690390349,-0.3559838182388153,-0.3559838182388153,0.015343425941223288,-0.019543635562560335,3.609210434185873,3.6087453007870023,15.277422465542754,36.827776215882494
2017-08-10 00:00:00-04:00,2286650112.0,0.549898841170222,26.529478581149732,3.6003582000732424,-0.024813815019572694,-0.0038752505963773887,0.050553984516248596,0.050553984516248596,-0.07595231476733622,-0.24236749350103604,3.605327655350401,3.5836184335266563,15.326740094879161,36.8770938452189
2017-08-11 00:00:00-04:00,2286650112.0,0.6108346816178268,30.432020042959778,3.6020751953125,0.00047689567088715634,-0.01680693158805935,-0.08176863843964433,-0.08176863843964433,0.11081281844116853,0.147102079291636,3.5883778845666985,3.5840952155189436,15.241434202607358,36.791787952947104
2017-08-14 00:00:00-04:00,2286650112.0,0.7404912508373709,30.319760057035623,3.59635009765625,-0.0015893887122901962,-0.003481974758042128,-0.12727971742316846,-0.12727971742316846,0.21226130919112518,-0.003688877234100163,3.5848898336257045,3.5825045623884684,15.10529401870332,36.655647769043064
2017-08-15 00:00:00-04:00,2286650112.0,0.621738031462565,33.61962377732536,3.6278419494628906,0.008756614609674473,0.0036531650913007585,0.049008810572687134,0.049008810572687134,-0.16037086088527852,0.10883541670785779,3.588536342116262,3.591223060202869,15.153139747102884,36.70349349744263
2017-08-16 00:00:00-04:00,2286650112.0,0.515351303499447,28.55794505126562,3.627146530151367,0.020150982790002603,0.001697548072827404,-0.5547769028871391,-0.5547769028871391,-0.1711118229535611,-0.15055726856389073,3.590232450982877,3.6111736988879626,14.343959966483814,35.89431371682356
2017-08-17 00:00:00-04:00,2286650112.0,0.34391120877242237,37.59655550021433,3.554151153564453,-0.039664279229916444,-1.2671022509014307e-07,1.0,1.0,-0.33266646181522386,0.3165007297521969,3.5902323242726437,3.570701352369224,15.130335769864965,36.68068952020471
2017-08-18 00:00:00-04:00,2322380032.0,0.40330268647816725,44.80791584451256,3.522289276123047,-0.008964693977478122,-0.022697995393696324,-0.21605220053167207,-0.20380266921414125,0.17269421929497564,0.19180906996272884,3.5672727638010064,3.5616962337449447,14.88692292670573,36.452781299341396
2017-08-21 00:00:00-04:00,2322380032.0,0.35182761183271144,42.28468269978068,3.559365081787109,0.010526053585488526,0.002943817423145312,0.26665524918650463,0.26665524918650463,-0.12763385013613693,-0.056312218436753825,3.570212256678677,3.5721672741395127,15.123302690929208,36.689161063564875
2017-08-22 00:00:00-04:00,2322380032.0,0.36623445015529316,36.8815046163978,3.5269245147705077,-0.009114144312590056,0.0017942820806082782,0.2652244456462953,0.2652244456462953,0.04094857207919178,-0.12778097737531113,3.5720049309581383,3.5630113419124703,15.35855222475869,36.924410597394356
2017-08-23 00:00:00-04:00,2317659904.0,0.42458176936246705,28.642187197834076,3.5304000854492186,0.0009854394853521242,-0.008953332770004652,-0.16224245533042658,-0.16394515807042598,0.15931685067429635,-0.22339970953626598,3.563011276246681,3.5639962961710805,15.181525678225784,36.745349529739535
2017-08-24 00:00:00-04:00,2317659904.0,0.39468117109074513,30.246246984236507,3.5802215576171874,0.014112132042289227,0.018725230627054446,0.04867719468326648,0.04867719468326648,-0.07042365082377255,0.056003397202980754,3.581563348029123,3.578009779094262,15.229055233574325,36.792879085088074
2017-08-25 00:00:00-04:00,2338769920.0,0.36419569724173706,31.863967412454997,3.5773250579833986,-0.0008090280411910955,0.0041921901893715585,-0.4115557718039168,-0.4061960263766917,-0.07724076059863227,0.05348499696711473,3.585746775470736,3.5772004236132684,14.698782107381195,36.27167306026789
2017-08-28 00:00:00-04:00,2338769920.0,0.2917473645886178,39.533305254188875,3.586594009399414,0.002591028566255149,-0.0070649079069464715,0.037497932859269056,0.037497932859269056,-0.19892693187155164,0.2406899851001003,3.5786567929321538,3.5797881012519923,14.735594088077125,36.30848504096382
2017-08-29 00:00:00-04:00,2338769920.0,0.27248082644522587,33.64759396418627,3.562841796875,-0.006622498242668806,-0.005174623407118384,-0.2342697748555489,-0.2342697748555489,-0.06603843078602933,-0.14887981797016492,3.5734687347948455,3.573143576969037,14.468668730307856,36.04155968319455
2017-08-30 00:00:00-04:00,2338769920.0,0.2643884791038952,45.07307282192812,3.569794464111328,0.001951438664053562,-0.0003248689854885578,-0.0444421315570358,-0.0444421315570358,-0.029698777146646038,0.33956302699987617,3.5731438130279964,3.5750931140501407,14.423208776691737,35.996099729578425
2017-08-31 00:00:00-04:00,2285309952.0,0.2645366448061182,49.508718258315504,3.5987598419189455,0.008114018355627639,0.0068290084075246504,0.5277202919071997,0.4927994229410426,0.0005604090720034982,0.09841009628767616,3.5799496093745913,3.5831743907505174,14.846985395644893,36.39675289412783
2017-09-01 00:00:00-04:00,2285309952.0,0.16958850033778547,54.71353833304304,3.6306228637695312,0.008853889464765174,0.0032300564851737157,-0.26001711107942393,-0.26001711107942393,-0.3589224643637605,0.10512936423784991,3.583174460433518,3.5919893143665975,14.545857179513325,36.09562467799626
2017-09-05 00:00:00-04:00,2285309952.0,0.20345034848591445,46.22516612091728,3.600497817993164,-0.008297486934539244,0.0045073361773102505,-0.19462375951440414,-0.19462375951440414,0.19967066210670614,-0.15514208129726081,3.5876716689921055,3.5836572116718073,14.329411448247193,35.87917894673013
2017-09-06 00:00:00-04:00,2285309952.0,0.2643068552845817,51.308015585355285,3.6375732421875,0.010297305002951118,0.0056085995431356395,0.3494437133628425,0.3494437133628425,0.29912215560977784,0.1099584899520345,3.593264598903315,3.5939018605982223,14.629103891600087,36.178871390083025
2017-09-07 00:00:00-04:00,2270220032.0,0.5106628482460929,68.61894032048043,3.697824478149414,0.016563580153696522,0.02055820397662278,0.7185283687943262,0.7071809121483943,0.9320832510993986,0.33739220933865477,3.6136143353086188,3.6103297608383187,15.170572216653067,36.713714810791814
2017-09-08 00:00:00-04:00,2270220032.0,0.6722866865224513,77.31973959449591,3.737217330932617,0.010652980696076009,0.009681170551957496,-0.0655403662625742,-0.0655403662625742,0.3164981334190782,0.12679879976838682,3.623248943605831,3.6209263983310174,15.102785368061014,36.645927962199764
2017-09-11 00:00:00-04:00,2270220032.0,0.6838643553025583,74.23522026716658,3.7337409973144533,-0.0009301930581855355,-0.001391981646919671,-0.6461398327306853,-0.6461398327306853,0.017221326871717624,-0.03989303822679846,3.621855992252479,3.619995772374796,14.063931916462753,35.60707451060151
2017-09-12 00:00:00-04:00,2270220032.0,0.60113479062039,71.58395968961494,3.68797607421875,-0.012257123118239899,-0.014557427441967752,0.20265210608424344,0.20265210608424344,-0.1209736463681701,-0.03571432223154947,3.6071915657735683,3.607662911199548,14.2484611230073,35.79160371714605
2017-09-13 00:00:00-04:00,2270220032.0,0.4958476148373515,68.42108911234226,3.672333908081055,-0.004241395774512657,-0.0007858879960327414,-0.09261901673368789,-0.09261901673368789,-0.17514736698965438,-0.04418406848387213,3.6064053688056754,3.603412495191355,14.151268253647618,35.69441084778637
2017-09-14 00:00:00-04:00,2206749952.0,0.3950854946520688,59.612401946287854,3.6491615295410162,-0.0063099868149372185,-0.003931933008329058,0.7367405289492495,0.6881852969638542,-0.2032118682638714,-0.12874228224562756,3.6024656854261243,3.5970825162652718,14.70327835090519,36.21806501101836
2017-09-15 00:00:00-04:00,2206749952.0,0.29817659078691344,65.6863576921162,3.70709342956543,0.01587540029550283,0.005526448704922693,0.6078939786804956,0.6078939786804956,-0.24528590691616758,0.10189080707234588,3.607976919343492,3.612833220396542,15.178203585831838,36.69299024594501
2017-09-18 00:00:00-04:00,2206749952.0,0.31259500133915324,59.061220284853356,3.6671192169189455,-0.010783168378675101,-0.0034549901467074706,-0.5069240023549287,-0.5069240023549287,0.048355273343854366,-0.10086017310194095,3.60451594693525,3.601991492304416,14.47111162245025,35.98589828256342
2017-09-19 00:00:00-04:00,2206749952.0,0.25457766823815736,57.1249331557464,3.6283058166503914,-0.010584166473094458,-0.0034663846648678165,-0.17219540050874738,-0.17219540050874738,-0.1855990430187633,-0.03278440776821423,3.601043540439043,3.5913509151482437,14.282133479050533,35.7969201391637
2017-09-20 00:00:00-04:00,2206939904.0,0.20324186380122952,52.499986281686375,3.594125747680664,-0.009420393620866774,-0.009171424995494282,0.020005016932145958,0.02009281663632212,-0.20165085489314483,-0.08096196561754365,3.5918297989918293,3.5818858689683433,14.301941024895543,35.81681375902221
2017-09-21 00:00:00-04:00,2206939904.0,0.42369172190126514,47.451437302416856,3.574428176879883,-0.005480490161896112,-0.016916865984839324,-0.08502920381186596,-0.08502920381186596,1.0,-0.09616286282784436,3.574768208315521,3.5763903058234576,14.213077893945298,35.727950628071966
2017-09-22 00:00:00-04:00,2206939904.0,0.4264216427394189,47.32355283121343,3.605132293701172,0.008589938110909356,0.012500014390527392,0.008668189759440947,0.008668189759440947,0.00644317719001819,-0.002695060012374184,3.5871907425269445,3.5849435603395077,14.221708730648267,35.736581464774936
2017-09-25 00:00:00-04:00,2206939904.0,0.458507470147472,48.99238023837878,3.5912281036376954,-0.0038567766535974046,-0.007215169243397379,0.20804743188328567,0.20804743188328567,0.07524436893476438,0.035264203706713904,3.5799494180644493,3.581079327144515,14.410714094194093,35.92558682832076
2017-09-26 00:00:00-04:00,2206939904.0,0.42575059527444903,47.538992465067636,3.615560150146485,0.00677541103115753,-0.003391305326191807,0.6870519466196097,0.6870519466196097,-0.07144240171809468,-0.02966558812287734,3.576552349228112,3.587831888232126,14.933696689589487,36.44856942371616
2017-09-27 00:00:00-04:00,2206939904.0,0.35587322859219117,44.82278512808917,3.6537952423095703,0.010575150343311579,0.017987294270194187,-0.17742620860981273,-0.17742620860981273,-0.1641274667794962,-0.05713640942168419,3.594379786208018,3.598351512792333,14.738379605198551,36.25325233932522
2017-09-28 00:00:00-04:00,2206939904.0,0.2748368927298295,36.099698812463124,3.620774841308594,-0.00903728830193129,-0.006367138274217865,-0.29056228889330415,-0.29056228889330415,-0.22771124476807536,-0.19461276872238664,3.587992291253696,3.5892731404878417,14.395097026301054,35.90996976042772
2017-09-29 00:00:00-04:00,2206939904.0,0.301658427901335,36.14970979545225,3.617877960205078,-0.0008000721476700834,0.007849990096725046,0.0006721559401781096,0.0006721559401781096,0.09759073792859274,0.0013853573474098546,3.5958116304796874,3.5884727481116356,14.395768956445602,35.91064169057227
2017-10-02 00:00:00-04:00,2228250112.0,0.2542201355378693,40.52784250612714,3.6172977447509767,-0.00016037452354211723,-0.011286159404583662,-0.08569829275118945,-0.07686979700424446,-0.157258302688568,0.12111114405752921,3.584461299084305,3.588312360726724,14.306174289906313,35.830656701145074
2017-10-03 00:00:00-04:00,2228250112.0,0.2653759857606492,40.59096895231733,3.602235794067383,-0.004163868098900569,-0.003536894460518636,-0.13787192359495526,-0.13787192359495526,0.043882638167809684,0.001557606876819273,3.5809181350249353,3.5841397995895496,14.15782285106717,35.68230526230593
2017-10-04 00:00:00-04:00,2244300032.0,0.25055270508077554,49.33328260642642,3.643947219848633,0.01157931578214444,0.00790581342186969,0.43736685129953123,0.4477200979345344,-0.055857656590085125,0.21537583062820653,3.5887928612428053,3.595652588161898,14.520635715283627,36.05229523505271
2017-10-05 00:00:00-04:00,2244300032.0,0.21605865250856052,32.04953675902502,3.555889892578125,-0.024165368474839077,-0.007843812027345742,0.04777431945061994,0.04777431945061994,-0.13767184258136234,-0.35034655985267704,3.5809181247050548,3.571190446324392,14.567303933956953,36.098963453726036
2017-10-06 00:00:00-04:00,2244300032.0,0.18728956495383886,43.55924036752123,3.610926055908203,0.015477465555092218,0.005001733801815789,1.0,1.0,-0.13315406358734827,0.3591223079146417,3.585907391390542,3.5865493576242042,15.672808048662985,37.20446756843207
2017-10-09 00:00:00-04:00,2244300032.0,0.2500029383657478,53.62684865094,3.6607471466064454,0.013797316789892378,0.01252189391514702,-0.6569836413586414,-0.6569836413586414,0.3348471305775409,0.23112451453412874,3.59835153477521,3.600252357990971,14.602830908541469,36.134490428310556
2017-10-10 00:00:00-04:00,2244300032.0,0.4336258512833538,65.55290126467816,3.7505424499511717,0.0245292285286538,0.015538386127981418,0.8927417519908987,0.8927417519908987,0.7344830189514433,0.22238958495147587,3.6137704363236036,3.624485575835395,15.240857348847822,36.772516868616904
2017-10-11 00:00:00-04:00,2244300032.0,0.6118700166841881,68.45238375201265,3.754018783569336,0.0009268882207182916,0.009523842800498228,-0.3864352174644772,-0.3864352174644772,0.4110552100925371,0.04423118475912258,3.6232492132409044,3.625412034760479,14.752387923446818,36.284047443215904
2017-10-12 00:00:00-04:00,2244300032.0,0.6478730669214999,63.58093557636396,3.7343212127685548,-0.005247062398034297,-0.0015467336653555153,-0.12084639498432603,-0.12084639498432603,0.05884101076306636,-0.07116550087279405,3.62170128214814,3.6201511581867902,14.62359227661632,36.15525179638541
2017-10-13 00:00:00-04:00,2244300032.0,0.6478734434208916,65.5820143973826,3.7354804992675783,0.0003104410234073818,-0.0024781488773727434,-0.4924674630058834,-0.4924674630058834,5.811314143233659e-07,0.031472937648349575,3.6192200575774365,3.6204615510333533,13.945397818798696,35.47705733856778
2017-10-16 00:00:00-04:00,2244300032.0,0.5222020768951188,62.84217791964061,3.729686737060547,-0.0015510085538305018,0.0009315934826901184,-0.11864406779661019,-0.11864406779661019,-0.19397517802582676,-0.041777254067562275,3.6201512173962294,3.618909338420591,13.819104093474404,35.350763613243494
2017-10-17 00:00:00-04:00,2244300032.0,0.31320043031319766,57.93865582054374,3.719837951660156,-0.002640646814255687,-0.002792537708701359,0.8493423674770826,0.8493423674770826,-0.400231358374888,-0.07802915591765858,3.617354773279879,3.616265198948598,14.433934192328284,35.965593712097366
2017-10-18 00:00:00-04:00,2244300032.0,0.14834332827415983,61.17614021497047,3.7088302612304687,-0.0029591854733281853,-0.00482271957458591,-0.509698275862069,-0.509698275862069,-0.5263629487168399,0.05587779606855836,3.6125203868675397,3.613301626429077,13.721199878493033,35.25285939826212
2017-10-19 00:00:00-04:00,2244300032.0,0.2134546475909583,56.98619016263325,3.676968383789063,-0.008590815755163406,-0.005627468371445565,0.5741758241758241,0.5741758241758241,0.4389231391415418,-0.06848993803162318,3.606877024639796,3.6046736969050053,14.174931727571032,35.70659124734012
2017-10-20 00:00:00-04:00,2258350080.0,0.20836191511138366,60.92381779141309,3.718679428100586,0.011343868088563802,0.003301261078253903,-0.11050610820244333,-0.104937587194882,-0.023858616043506364,0.06909792736700293,3.6101728485188196,3.6159537058082876,14.057829088664525,35.59572941917925
2017-10-23 00:00:00-04:00,2258350080.0,0.19505244161011928,63.25223445576747,3.722156524658203,0.0009350353061741146,0.009401768977509217,0.6554700988855753,0.6554700988855753,-0.06387670939840207,0.03821849563542212,3.6195306959452807,3.6168883042412565,14.56191410482465,36.099814435339376
2017-10-24 00:00:00-04:00,2258350080.0,0.26477090122818225,52.22771308985176,3.6648029327392577,-0.01540869964468028,-0.018627821351377638,-0.19323030245567463,-0.19323030245567463,0.35743443682401965,-0.17429457569005247,3.6007271915811088,3.601359656829498,14.347197072397593,35.88509740291232
2017-10-25 00:00:00-04:00,2258350080.0,0.36849429604788464,70.11481590183007,3.738376998901367,0.020075858787614642,0.031161017100349353,0.6553649077447408,0.6553649077447408,0.3917477122242845,0.34248297989241094,3.631412560076827,3.6212366527206714,14.851218544985986,36.389118875500714
2017-10-26 00:00:00-04:00,2276910080.0,0.4641938601825692,69.96132860542087,3.791095352172852,0.01410193602383547,0.0024542151698536685,0.35969614142202966,0.37087065356179183,0.2597043296492403,-0.002189085066187646,3.6338637685789656,3.6352400814601116,15.15847979434579,36.70456492703628
2017-10-27 00:00:00-04:00,2276910080.0,0.5466304375824896,66.90233062371018,3.7992061614990242,0.0021394369101064292,0.004131746733148756,-0.4077119883040936,-0.4077119883040936,0.1775908396709467,-0.04372412649512869,3.6379870030854353,3.6373772330340466,14.634717538184953,36.180802670875444
2017-10-30 00:00:00-04:00,2276910080.0,0.5274712439989503,49.07413146794603,3.743590927124024,-0.014638646077857587,-0.00411471580531797,-0.354079428747741,-0.354079428747741,-0.03504962816975976,-0.26648098787526897,3.633863798543209,3.6226303847222536,14.197638800708,35.74372393339849
2017-10-31 00:00:00-04:00,2276910080.0,0.487343291979429,46.98795419679274,3.730845642089844,-0.0034045613642865735,-0.014843194902531054,-0.015558891770165117,-0.015558891770165117,-0.0760760941493166,-0.042510732411350505,3.6189093410556556,3.619220014651112,14.18195759905171,35.7280427317422
2017-11-01 00:00:00-04:00,2276910080.0,0.47934520413152715,52.466358002818914,3.753438949584961,0.006055814060015985,0.009785646752432209,1.0,1.0,-0.016411609597448695,0.11659166481438588,3.6286474184464654,3.6252575659626145,15.0233359316057,36.569421064296186
2017-11-02 00:00:00-04:00,2276910080.0,0.25133276286491735,51.70368578315697,3.7488048553466795,-0.001234626245564363,-0.0055374590476304775,-0.5524774370928217,-0.5524774370928217,-0.47567481493784936,-0.014536404825754579,3.62309457083717,3.6240221769381713,14.219307608971741,35.76539274166223
2017-11-03 00:00:00-04:00,2276910080.0,0.24980178126810018,56.65293115564363,3.7858810424804688,0.009890135273621814,0.006805662664711054,-0.017896494156928178,-0.017896494156928178,-0.006091452540312181,0.09572326029605671,3.629877179519041,3.633863724917887,14.201249035888406,35.747334168578895
2017-11-06 00:00:00-05:00,2276910080.0,0.23903602137357902,55.66044014848511,3.7685016632080077,-0.0045905772203223005,-0.0016898414568363718,-0.1896375875433467,-0.1896375875433467,-0.04309721027556168,-0.017518793589546666,3.628185908669605,3.62926257864017,13.990975327295015,35.537060459985504
2017-11-07 00:00:00-05:00,2237110016.0,0.22283962008124417,55.886546055914344,3.759233093261719,-0.002459484106582255,-0.010156810393899818,0.22721933210270184,0.20576771291547202,-0.06775715726552445,0.004062237144119907,3.6179771659331235,3.626800065034196,14.195726231818988,35.724176930216075
2017-11-08 00:00:00-05:00,2237110016.0,0.1783332020123051,61.61470511700082,3.771976852416992,0.0033899890853046344,0.007151342995665777,-0.08655818405579108,-0.08655818405579108,-0.19972399007282748,0.10249620821718808,3.625103059335947,3.6301843210595215,14.105190633078728,35.633641331475815
2017-11-09 00:00:00-05:00,2237110016.0,0.15231963662211734,55.76047167683378,3.762129211425781,-0.0026107373869224126,0.0009263753582557932,0.8615269461077844,0.8615269461077844,-0.14587056754800376,-0.09501357555879508,3.6260290058733626,3.6275701697545575,14.726587722785542,36.25503842118263
2017-11-10 00:00:00-05:00,2237110016.0,0.15547562216575173,55.760203188834716,3.765604019165039,0.0009236279627782285,0.003238580445607653,-0.4887816646562123,-0.4887816646562123,0.020719492336132017,-4.8150238151078995e-06,3.6292623534124013,3.6284933714354923,14.055629213484446,35.58407991188153
2017-11-13 00:00:00-05:00,2237110016.0,0.14971611648996216,62.478721016948334,3.7488048553466795,-0.0044612135882743376,-0.002766767255421132,-0.32318703791096426,-0.32318703791096426,-0.037044429188065164,0.12048947894542317,3.626491751581906,3.6240221769381713,13.665268894633732,35.19371959303082
2017-11-14 00:00:00-05:00,2237110016.0,0.19650930545635187,46.64015366436414,3.718679428100586,-0.008036008383612625,-0.01094515955301556,0.44055781522370707,0.44055781522370707,0.3125461043435962,-0.25350338634953384,3.6154862530865643,3.6159537058082876,14.03029930489573,35.55875000329282
2017-11-15 00:00:00-05:00,2237110016.0,0.193658480217912,34.605731528119264,3.7163619995117188,-0.000623185900713974,0.003740593137425252,0.2520167796063246,0.2520167796063246,-0.014507329471342034,-0.25802706875384707,3.6192198676028537,3.6153303256465286,14.255054979725301,35.78350567812239
2017-11-16 00:00:00-05:00,2237110016.0,0.18739022872348055,49.90851023361167,3.798626327514648,0.022135714447014898,0.008851048993948174,0.5172680412371133,0.5172680412371133,-0.032367554921313824,0.4422035896873895,3.6280319756726542,3.6372246016128247,14.671966356136243,36.20041705453333
2017-11-17 00:00:00-05:00,2237110016.0,0.3057046494137075,65.23463071400721,3.833965301513672,0.009303093000502027,0.013082986541847363,0.2057499575335484,0.2057499575335484,0.6313798830184245,0.30708431104549216,3.6410301191453596,3.646484687371452,14.85906810088324,36.38751879928033
2017-11-20 00:00:00-05:00,2237110016.0,0.37235971688241465,67.47503072936343,3.831068420410156,-0.0007555835475016037,0.00045574776669177197,0.156165251998732,0.156165251998732,0.2180374671976395,0.034343721897933,3.6414857630905813,3.645728818226831,15.004176812472823,36.53262751086991
2017-11-21 00:00:00-05:00,2237110016.0,0.537126662076333,72.43185708196995,3.905221939086914,0.019355832509203585,0.01412293269318532,-0.20571480793249464,-0.20571480793249464,0.4424940124389156,0.07346163905412562,3.655509896308774,3.6648997092639903,14.773864114210815,36.302314812607904
2017-11-22 00:00:00-05:00,2237110016.0,0.6507861551514768,66.4054092888679,3.869884490966797,-0.009048768206085467,0.004342978836297862,-0.4751093042877963,-0.4751093042877963,0.21160650010516746,-0.08320161923063796,3.6598434716288364,3.6558097522948954,14.129298877500535,35.657749575897626
2017-11-24 00:00:00-05:00,2237110016.0,0.5811855063336006,62.43493915057013,3.8687244415283204,-0.0002997633239918418,-0.004175021649781785,-0.5791319596668127,-0.5791319596668127,-0.10694857022838167,-0.05979136610732971,3.655659710241957,3.6555099440328975,13.263862939678027,34.792313638075115
2017-11-27 00:00:00-05:00,2237110016.0,0.4409656460666901,59.535678600483884,3.8351234436035164,-0.008685291090809732,-0.00044917940295896575,0.44704861111111116,0.44704861111111116,-0.24126523930626764,-0.04643650797983956,3.65521042992771,3.6467867159793186,13.633388981172986,35.16183967957007
2017-11-28 00:00:00-05:00,2237110016.0,0.31563891736688593,60.74453968207986,3.8328067779541017,-0.0006040654710289806,-0.013181556597354982,0.4686262747450509,0.4686262747450509,-0.2842097333832899,0.02030481738031531,3.641941225538242,3.646182467987236,14.017716438063603,35.546167136460696
2017-11-29 00:00:00-05:00,2237110016.0,0.42244103708136355,47.598931928583276,3.7522804260253912,-0.021009760364620877,-0.012446850747939497,0.5412956457805735,0.5412956457805735,0.3383680333383452,-0.21640805613635505,3.6294162639104317,3.6249488617569834,14.450339829199704,35.97879052759679
2017-11-30 00:00:00-05:00,2237110016.0,0.554950438608379,41.86332995506826,3.6862377166748046,-0.01760068594354569,-0.006148089746136121,1.0,1.0,0.313675495265612,-0.12049854358330203,3.623249196837678,3.607191441935044,15.364625053215269,36.89307575161236
2017-12-01 00:00:00-05:00,2221779968.0,0.7431687284195738,48.571509200909134,3.7505424499511717,0.017444543249471645,-0.01546557748133437,-0.5114821659974933,-0.5148297894002551,0.3391623408446711,0.16023998217630409,3.6076627797913967,3.624485575835395,14.648245752731272,36.169820251689465
2017-12-04 00:00:00-05:00,2221779968.0,0.7041809937161592,51.33037629267111,3.7627086639404297,0.003243854496145282,0.009896466172102159,-0.05474865193946776,-0.05474865193946776,-0.05246148446844123,0.056800110541147086,3.617510596649692,3.6277241803858535,14.591941342660956,36.11351584161915
2017-12-05 00:00:00-05:00,2221779968.0,0.5924445944319333,57.047714124515096,3.7922534942626953,0.007852011133736125,0.011821250214176793,0.01766573124166171,0.01766573124166171,-0.15867568179391178,0.11138312720026367,3.6292625216908654,3.6355455249052966,14.609452848559114,36.1310273475173
2017-12-06 00:00:00-05:00,2221779968.0,0.5860232281534352,66.25553175640083,3.930133056640625,0.03635821354941804,0.025672702153574534,0.6313457800280278,0.6313457800280278,-0.010838762542268121,0.16140554925282902,3.654611213797971,3.6712583749536507,15.098858154650273,36.62043265360846
2017-12-07 00:00:00-05:00,2221779968.0,0.672454851284062,54.17411787271922,3.8530834197998045,-0.019604841803162798,-0.0002997970834619501,-0.4714717211184083,-0.4714717211184083,0.14748839120758683,-0.18234573873923277,3.6543113717663798,3.6514588090135587,14.461199187364517,35.98277368632271
2017-12-08 00:00:00-05:00,2221779968.0,0.7152950970329939,52.66054103688668,3.86756591796875,0.003758677555363743,-0.00599706433657754,-0.04923189849525511,-0.04923189849525511,0.06370724468286282,-0.027939113644428137,3.64829625282018,3.6552104403911274,14.410714094194093,35.93228859315228
2017-12-11 00:00:00-05:00,2221779968.0,0.7655196491245262,54.537465941251654,3.8901607513427727,0.005842132714285908,0.00950254233988801,0.014061983015330348,0.014061983015330348,0.07021514938360562,0.035641960135773365,3.6577539300027104,3.661035574023218,14.424678124728944,35.94625262368714
2017-12-12 00:00:00-05:00,2221779968.0,0.6224593832052624,49.456025468845866,3.898849868774414,0.0022336139781993225,0.0032868206758656093,0.09315351568872687,0.09315351568872687,-0.18687993976754524,-0.09317338795828123,3.661035360890447,3.6632666971940275,14.513744777572777,36.03531927653096
2017-12-13 00:00:00-05:00,2221779968.0,0.4196479691570325,52.928762220682415,3.902325439453125,0.0008914348578914488,-0.0010424968962846615,0.2954432394786588,0.2954432394786588,-0.3258227275872725,0.07021867849093844,3.6599923202163156,3.664157734959836,14.772597684030998,36.294172182989186
2017-12-14 00:00:00-05:00,2221779968.0,0.19670798910416312,45.503597335307184,3.81079216003418,-0.023456085567218343,-0.011329788661800455,0.08667101877808081,0.08667101877808081,-0.5312547574117894,-0.14028601036269417,3.6485978605625085,3.640422176540585,14.855716595743989,36.37729109470218
2017-12-15 00:00:00-05:00,2221779968.0,0.24358821378904286,48.399259431950085,3.815426635742188,0.001216144967603583,-0.003468142157576515,0.05855537493815821,0.05855537493815821,0.2383239486020834,0.06363589399988157,3.645123690458701,3.641637582602914,14.912621720506117,36.434196219464305
2017-12-18 00:00:00-05:00,2220649984.0,0.2473962845993609,52.5718983365329,3.8669864654541017,0.013513516215699406,0.011499515450171582,-0.10676014021031544,-0.1072144366592267,0.01563323098060887,0.08621286675779793,3.656557589043391,3.6550606056012116,14.79972158632241,36.32078736188526
2017-12-19 00:00:00-05:00,2220649984.0,0.2586886473210387,58.829326266762955,3.857138442993164,-0.002546691732416284,-0.010022314546856426,-0.045894532271928856,-0.045894532271928856,0.04564483553164478,0.11902609812896348,3.6464847129895412,3.652510665533227,14.752740525852085,36.273806301414936
2017-12-20 00:00:00-05:00,2220649984.0,0.24937661401771843,61.97324548254433,3.821219635009766,-0.009312294208326466,0.005741724742970744,-0.39668612166555683,-0.39668612166555683,-0.03599706983570794,0.05344136020741086,3.6522100168571145,3.643154740835303,14.247422836087287,35.768488611650135
2017-12-21 00:00:00-05:00,2220649984.0,0.22261264258818528,60.47009148288952,3.8640899658203125,0.011219017723496316,0.0049580889794664795,0.06336839371510194,0.06336839371510194,-0.10732350158395987,-0.02425488592618874,3.6571558549905863,3.6543112921530616,14.308864435818226,35.829930211381075
2017-12-22 00:00:00-05:00,2220649984.0,0.20096287296719176,58.91891930371074,3.8582969665527345,-0.0014991885072086486,3.9118100314539106e-08,-0.43796556356087435,-0.43796556356087435,-0.0972531001352146,-0.02565189073043983,3.6571558941086857,3.6528109787383234,13.73267227965527,35.25373805521812
2017-12-26 00:00:00-05:00,2220649984.0,0.19311139796535456,55.13400616290923,3.8455520629882813,-0.0033032458815217547,-0.005232372777811856,-0.16252036936447578,-0.16252036936447578,-0.039069281235439846,-0.06423935105278034,3.651909784530104,3.6495022650958986,13.555313942447354,35.0763797180102
2017-12-27 00:00:00-05:00,2220649984.0,0.19404404449661122,44.08901417325143,3.880890655517578,0.009189471875680644,0.010219368670649986,1.0,1.0,0.0048295778554923174,-0.20032993715389025,3.6620772885030966,3.6586497706776964,14.536759168635093,36.05782494419795
2017-12-28 00:00:00-05:00,2144790016.0,0.25633397640785666,55.07011907760226,3.8882545471191405,0.016997101298842132,0.004022261086886525,-0.04321827904715603,-0.0759030475867386,0.32100924340573234,0.24906669178856378,3.6660914819241275,3.6755040374930976,14.49257916831153,35.97888665820723
2017-12-29 00:00:00-05:00,2144790016.0,0.25056144927269025,56.62113790404874,3.9151386260986327,-0.008035746096510588,0.0022421914219477035,-0.061937909659061985,-0.061937909659061985,-0.022519555214879694,0.028164435676284905,3.6683311633860627,3.6674358307750974,14.428640030538189,35.91494752043389
2018-01-02 00:00:00-05:00,2144790016.0,0.34160715415750637,55.1878125593034,3.9262428283691406,0.002836221991345589,0.009843281660799175,0.48607951467879973,0.48607951467879973,0.3633667715009483,-0.025314315427116152,3.678126315527161,3.670268038277714,14.824781484607303,36.31108897450301
2018-01-03 00:00:00-05:00,2144790016.0,0.327813754869252,49.28245668935859,3.8935142517089836,-0.00833585137008741,-0.012110540022464145,-0.5939276862516402,-0.5939276862516402,-0.040377957898078964,-0.10700470984602029,3.6659418454197352,3.6618972494072466,13.923557462047407,35.40986495194311
2018-01-04 00:00:00-05:00,2144790016.0,0.3091506201149935,46.515838176080294,3.8753971099853524,-0.004653159216170599,-0.004185782936971583,0.13032941387667174,0.13032941387667174,-0.0569321283107912,-0.05613799918127216,3.6617472775703046,3.65723323054486,14.046066568993938,35.532374058889644
2018-01-05 00:00:00-05:00,2144790016.0,0.2147411734587371,67.30349711552424,3.9326709747314452,0.014778837657312804,0.005854688463749147,-0.35432383069959505,-0.35432383069959505,-0.30538333263293893,0.4468942139826586,3.667584893947639,3.6719039253625967,13.60860938219593,35.09491687209163
2018-01-08 00:00:00-05:00,2144790016.0,0.19793228202457092,63.45312381196403,3.913969802856445,-0.004755336003230526,-0.0013430331170320997,0.011068749231336827,0.011068749231336827,-0.07827512145637061,-0.0572091119864272,3.6662409581533226,3.6671372467762993,13.619617321140225,35.105924811035926
2018-01-09 00:00:00-05:00,2144790016.0,0.20838082695241772,56.62384076217053,3.9092945098876952,-0.0011945143177491957,0.00657599804911313,0.8751976645176986,0.8751976645176986,0.052788483116411156,-0.10762721580156231,3.672795428652478,3.6659420184576765,14.248331396082294,35.734638885978
2018-01-10 00:00:00-05:00,2144790016.0,0.20949393365003738,60.37095690339805,3.924489212036133,0.003886814388121884,-0.0025242955136085543,0.013427607680332132,0.013427607680332132,0.0053416944058573,0.06617559124902939,3.6702679417331177,3.6698212986989973,14.261669652399995,35.747977142295696
2018-01-11 00:00:00-05:00,2144790016.0,0.2805572879147224,73.2859691601887,3.9829330444335938,0.014892086393871962,0.013694578537943203,-0.07687383985150098,-0.07687383985150098,0.3392143773642504,0.2139275724493892,3.6838695969332043,3.68460358671673,14.181680283464797,35.6679877733605
2018-01-12 00:00:00-05:00,2144790016.0,0.3210564565199766,65.02806486101218,3.9618934631347655,-0.005282434091688382,-0.002055751351311086,-0.18693662460130356,-0.18693662460130356,0.14435258091589565,-0.11268056346674438,3.6818117296246653,3.679307151240715,13.974734063512251,35.46104155340795
2018-01-16 00:00:00-05:00,2144790016.0,0.44534777355686544,72.85751809926998,4.040208435058593,0.01976705649774413,0.015744734129379045,0.8870885212348627,0.8870885212348627,0.38713227693383967,0.12040114149163283,3.6974338012777572,3.6988813764725252,14.60976923989263,36.09607672978834
2018-01-17 00:00:00-05:00,2144790016.0,0.5246367939724913,76.17203788077583,4.054818344116211,0.003616127556895554,0.002752214577772083,-0.42832610267534343,-0.42832610267534343,0.1780384345078614,0.0454931744585334,3.7001822354477287,3.7024909815594933,14.050582680143757,35.53689017003946
2018-01-18 00:00:00-05:00,2144790016.0,0.4611557316822483,65.2778497265536,4.00689468383789,-0.011818941370791758,-0.008667970054626162,0.0215810276679842,0.0215810276679842,-0.1210000194793267,-0.14302083096783857,3.6914764800339745,3.69060164125745,14.071934134513283,35.558241624408986
2018-01-19 00:00:00-05:00,2144790016.0,0.4404897328837072,71.74173430370308,4.1085865020751955,0.025379209153533866,0.007577816406246107,0.727849570533158,0.727849570533158,-0.0448134922299539,0.0990211014031015,3.69902572901783,3.715664145579228,14.618811747016112,36.10511923691182
2018-01-22 00:00:00-05:00,2144790016.0,0.4544836471276939,70.19475935582601,4.109171295166016,0.00014233437473576416,0.016199224014507907,-0.029199695463298814,-0.029199695463298814,0.03176899073759176,-0.021563110550524067,3.7150951455801025,3.715806469825388,14.589177255583015,36.07548474547872
2018-01-23 00:00:00-05:00,2144790016.0,0.547675701321723,73.01774773615551,4.1705371856689455,0.014933884740974124,0.006404715307843034,-0.1769617567006505,-0.1769617567006505,0.20505040122564733,0.04021651197661957,3.721479437854949,3.7306299420113227,14.394424644362795,35.8807321342585
2018-01-24 00:00:00-05:00,2144790016.0,0.5625846117868033,75.08521196360462,4.152420425415039,-0.004343987224513901,0.006081331520379818,0.5013732414102348,0.5013732414102348,0.02722215067986422,0.028314543950598736,3.7275423527063287,3.726276492260968,14.800804827935158,36.28711231783086
2018-01-25 00:00:00-05:00,2144790016.0,0.5354204031856208,60.437468130288394,4.0092315673828125,-0.034483227458335874,-0.014760086107030057,0.2857836183080713,0.2857836183080713,-0.04828466337695825,-0.19508160728661583,3.7126722526425864,3.6911846868677323,15.052173180112868,36.538480670008575
2018-01-26 00:00:00-05:00,2144790016.0,0.5648591208534224,62.12918938253098,4.095145034790039,0.021428911242288295,-0.017405792195547387,-0.4077698092389884,-0.4077698092389884,0.05498243528384128,0.027991266090029665,3.695113198613174,3.7123872272030374,14.528313296182661,36.01462078607837
2018-01-29 00:00:00-05:00,2099539968.0,0.5310651340714719,55.886966955520194,4.001635360717772,-0.022834276509833273,0.0007259496324474313,-0.328283571113399,-0.3424552151544291,-0.05982728353734024,-0.10047165412986914,3.6958388848716437,3.6892882107410054,14.1303942878412,35.595378382662076
2018-01-30 00:00:00-05:00,2120760064.0,0.5774763257059524,56.75249595175324,4.0104015350341795,0.0021906479541990986,-0.0037725243195730895,-0.05050726224363189,-0.04091071854663997,0.08739265422804876,0.01548713489715614,3.6920592266346297,3.691476462724489,14.07856689058965,35.55360727272149
2018-01-31 00:00:00-05:00,2120760064.0,0.6165706276564342,53.63426344402306,3.9800106048583985,-0.007578026766220658,-0.0005825933298140296,0.9744023368437236,0.9744023368437236,0.06769853621737631,-0.054944411790823544,3.6914764635313793,3.683869576824128,14.75883262888946,36.2338730110213
2018-02-01 00:00:00-05:00,2109980032.0,0.5795486056592359,51.364407845109426,4.002804565429688,0.005727110511581257,-0.002331489880863735,-0.5101031730582052,-0.5125933668150464,-0.060045062700955776,-0.04232099880112339,3.689142251496043,3.6895803497865898,14.045272161580058,35.515216482462556
2018-02-02 00:00:00-05:00,2109980032.0,0.4660824149926749,45.845236570109805,3.894097900390625,-0.027157624925761015,-0.015776032579733812,0.07025351664944757,0.07025351664944757,-0.19578373506307267,-0.1074512781621626,3.67324045283406,3.662047140971268,14.113167713438132,35.58311203432063
2018-02-05 00:00:00-05:00,2175399936.0,0.7335152225237573,31.984863025398056,3.707079315185547,-0.04802616420771488,-0.02849486565567505,0.9113388282468255,0.9705998642561842,0.5737886668289889,-0.30232963294922643,3.6443317276213043,3.612829412991355,14.76097166713821,36.26145003034235
2018-02-06 00:00:00-05:00,2175399936.0,1.282433788401224,35.375463856257724,3.770198440551758,0.01702664550705779,-0.036663602319777944,-0.21600621600621606,-0.21600621600621606,0.7483397058739134,0.10600642022969775,3.6069791220554053,3.6297127298198295,14.51761747989569,36.018095843099836
2018-02-07 00:00:00-05:00,2175399936.0,1.3997380319499435,35.589202935188794,3.728118896484375,-0.01116109529269882,0.010466203199034574,-0.347571853320119,-0.347571853320119,0.09147001943465605,0.00604201487787015,3.6173909337356918,3.6184888821426164,14.090563214015914,35.59104157722006
2018-02-08 00:00:00-05:00,2175399936.0,1.4009233685323188,25.166888524996438,3.629933166503906,-0.02633653397509883,-0.002511099091940361,0.2756342093270545,0.2756342093270545,0.000846827445792897,-0.2928504588645142,3.614876676546455,3.591799329669882,14.334006688034485,35.83448505123863
2018-02-09 00:00:00-05:00,2175399936.0,1.4243270958928405,23.738628078858326,3.573827362060547,-0.015456429049738207,-0.028791716838036052,0.34426912771658236,0.34426912771658236,0.01670592973621443,-0.05675157041044321,3.585662346624331,3.576222204720335,14.629857153926064,36.13033551713021
2018-02-12 00:00:00-05:00,2150459904.0,1.1696906208858209,23.782357352723977,3.635778045654297,0.017334548459562837,0.002916092077337229,-0.42454710546131014,-0.431144427345339,-0.17877668391009616,0.0018421146209623984,3.5885741951528844,3.5934082238966214,14.07725924838955,35.56620681343751
2018-02-13 00:00:00-05:00,2150459904.0,0.8690880561743599,23.249409726450295,3.5942832946777346,-0.011412894421913178,-0.013083483466793777,0.9913793103448276,0.9913793103448276,-0.25699322482710085,-0.022409369196222273,3.575404368980484,3.581929702588875,14.76608676780498,36.25503433285294
2018-02-14 00:00:00-05:00,2150459904.0,0.6039129671576149,30.55563949489742,3.641037368774414,0.01300789900615551,0.009656085938063219,-0.3886440940012369,-0.3886440940012369,-0.3051187818459037,0.3142544199793169,3.585014132875094,3.594853725461896,14.27401077595158,35.76295834099954
2018-02-15 00:00:00-05:00,2123920000.0,0.5793766958363507,26.37441264416924,3.6731822967529295,0.008828508120842349,0.008429520348108177,-0.40431181640007585,-0.411663502975245,-0.040628820137356914,-0.13683977556504479,3.5934083232210225,3.6036434901689685,13.755972845248078,35.23250212008142
2018-02-16 00:00:00-05:00,2119490048.0,0.44560422362168894,28.581645808403422,3.6486366271972654,-0.006682398958897884,0.00016093086832102976,0.6710889407769052,0.6676034781439564,-0.23089032261050202,0.08368842916098651,3.5935692411413607,3.596938664014666,14.269448319523216,35.74388967282212
2018-02-20 00:00:00-05:00,2119490048.0,0.27805502346182853,28.122875830391663,3.652143096923828,0.0009610356099658546,0.005625113184970054,0.019879326770403383,0.019879326770403383,-0.3760045153928053,-0.016051209265103727,3.5991785924577306,3.5978992381255646,14.28913263273272,35.76357398603162
2018-02-21 00:00:00-05:00,2250929920.0,0.2927994207460174,27.59113864977178,3.6059722900390634,-0.01264211331797327,-0.0023974164802559317,0.5473284344252085,0.6432857858431709,0.05302690489320705,-0.01890763888539626,3.5967782975731755,3.5851765333416146,14.725662485879019,36.26027175143554
2018-02-22 00:00:00-05:00,2250929920.0,0.5600754845570338,23.386040543875794,3.530579376220703,-0.020907790674548843,-0.04085243526817417,0.22368897653640274,0.22368897653640274,0.9128298926617733,-0.15240755951660467,3.55506795518442,3.564047079712513,14.927532533542301,36.462141799098816
2018-02-23 00:00:00-05:00,2250929920.0,0.544705512115083,37.73115368423154,3.669091796875,0.03923220692535945,0.03992012627413355,-0.4811708600559118,-0.4811708600559118,-0.02744268025604979,0.6134049546968894,3.5942118637288156,3.6025292576440124,14.271351873397505,35.805961138954025
2018-02-26 00:00:00-05:00,2268080128.0,0.5617705515031541,46.798388707121674,3.659739303588867,-0.002548994084611955,0.005299965536410323,0.05578446909667201,0.06382866589164693,0.03132892729836323,0.24031162945010798,3.599497833876157,3.5999770093428167,14.325635936615871,35.8678354886097
2018-02-27 00:00:00-05:00,2268080128.0,0.5599726660825727,36.20047852472613,3.554541015625,-0.028744749075625742,-0.011024053198197103,-0.23272290603422396,-0.23272290603422396,-0.003200391006204839,-0.22645886910167867,3.588412565494793,3.5708110383850644,14.060728663596795,35.60292821559062
2018-02-28 00:00:00-05:00,2292879872.0,0.6768953164360625,33.587865440721174,3.451681137084961,-0.028937597874912457,-0.027625023726458364,1.0,1.0,0.20880063873733534,-0.07217067813676703,3.560398794639071,3.541446491463574,14.996685453614205,36.549759904054
2018-03-01 00:00:00-05:00,2292879872.0,0.8940647299013748,37.25950401927887,3.4364852905273438,-0.004402447953361754,-0.02475501466595742,-0.24940151003621636,-0.24940151003621636,0.3208316089535619,0.1093144363412355,3.535332222101788,3.5370343241998925,14.709801049558761,36.26287549999856
2018-03-02 00:00:00-05:00,2292879872.0,1.0272315406615338,39.80271562579845,3.428887939453125,-0.0022107910937843034,-0.008858500038346095,0.12095191364082436,0.12095191364082436,0.14894537979912115,0.0682567219682706,3.526434252283723,3.5348210856996767,14.823979296779418,36.377053747219215
2018-03-05 00:00:00-05:00,2292879872.0,1.1686542283915327,34.52586888861774,3.433562088012695,0.0013631674881495748,-0.0030942726829626954,-0.38126504705624864,-0.38126504705624864,0.13767362287077267,-0.13257504303953782,3.523335182440672,3.536183324918521,14.343901012909736,35.896975463349534
2018-03-06 00:00:00-05:00,2292879872.0,1.0779732680903307,36.38072739800187,3.4253807067871094,-0.0023827678125142304,0.013793294067477202,-0.263707110010612,-0.263707110010612,-0.0775943457852456,0.0537237314828487,3.537034214824559,3.533797713797255,14.037773721851176,35.590848172290976
2018-03-07 00:00:00-05:00,2292879872.0,0.8014740954657149,30.87796232176342,3.419536590576172,-0.001706121658056281,0.0006803988110666292,0.0007206341580590081,0.0007206341580590081,-0.2564990995689942,-0.15125494924932925,3.537714382269296,3.5320901350560994,14.038494096477118,35.59156854691692
2018-03-08 00:00:00-05:00,2283919872.0,0.4111442603315074,32.51226331859421,3.465707015991211,0.013501953902841368,-0.0018695141039116736,0.8789406305008802,0.8715982013335801,-0.4870149108280254,0.05292774762144514,3.535843118442798,3.545501749840667,14.669202220081907,36.21836126589495
2018-03-09 00:00:00-05:00,2283919872.0,0.26142813868647374,33.46846584439726,3.4581092834472655,-0.0021922604850578287,0.010556767577238002,-0.5801217902312311,-0.5801217902312311,-0.36414498775762283,0.029410518622866366,3.5463445524376978,3.5433070828348017,13.801411633584772,35.35057067939781
2018-03-12 00:00:00-04:00,2301900032.0,0.30466500157362025,32.56275895366319,3.4493431091308593,-0.0025349616214752624,0.00016859640139288423,0.06480730223123743,0.07318999809460869,0.16538718098360383,-0.027061500068300437,3.5465131346283147,3.5407689027578573,13.864205479503033,35.4212061992206
2018-03-13 00:00:00-04:00,2302820096.0,0.27573083437042184,32.595559699777354,3.4037574768066405,-0.013215743079761366,-0.013982415395441983,0.291932565006191,0.2924489473976788,-0.09497043327507593,0.0010073085686885808,3.5324320443743256,3.5274650546354795,14.12034468923362,35.677745026728886
2018-03-14 00:00:00-04:00,2302820096.0,0.1932135373489629,41.003261446738485,3.4341476440429686,0.008928417328028848,0.01178877172456172,0.6329253907401946,0.6329253907401946,-0.29926757088981815,0.25794009443005694,3.544151869861469,3.536353849315893,14.610717813715366,36.16811815121063
2018-03-15 00:00:00-04:00,2302820096.0,0.198100369019037,19.885200115416197,3.4230426788330077,-0.003233688926923106,0.0011818069103914919,-0.050295724411937304,-0.050295724411937304,0.025292387568309982,-0.515033696984172,3.5453329789877834,3.5331149207182393,14.559113182012712,36.116513519507976
2018-03-16 00:00:00-04:00,2302820096.0,0.25420068317455863,18.60749605484594,3.3856388092041017,-0.010927082463855875,-0.016360280510786973,0.013643926788685423,0.013643926788685423,0.2831913662418797,-0.06425402073674413,3.5288373912822744,3.5221276991911945,14.572664868498512,36.13006520599377
2018-03-19 00:00:00-04:00,2302820096.0,0.46063247013094927,19.54965078106065,3.3014801025390623,-0.024857556109129986,-0.018347038775808455,-0.05712409717662503,-0.05712409717662503,0.8120819518594085,0.05063307408141804,3.510319958218751,3.496955976834208,14.51384426521152,36.071244602706784
2018-03-20 00:00:00-04:00,2276859904.0,0.6723632387863583,22.937008103004985,3.2599861145019533,-0.012568298686761015,-0.015894846541891883,0.06804615996816543,0.056005843216632156,0.45965228763664423,0.1732694542669757,3.49429743384983,3.484308029008362,14.5796752257595,36.125738321324626
2018-03-21 00:00:00-04:00,2276859904.0,0.9105490650541742,19.386069562518003,3.179918098449707,-0.024560845733687553,-0.021476822163523757,0.08802160953800309,0.08802160953800309,0.35425170879025236,-0.15481262963942422,3.472586628532615,3.4594405342499654,14.664036235703733,36.210099331268864
2018-03-22 00:00:00-04:00,2276859904.0,1.1613192868368316,23.370324188974266,3.199388313293457,0.027475617968382826,-0.016935984114080038,0.1583768512969781,0.1583768512969781,0.2754055013693717,0.20552152738374674,3.4555055905537566,3.4865454718855093,14.811055994811682,36.35711909037681
2018-03-23 00:00:00-04:00,2276859904.0,1.0301020829113623,30.01251607968571,3.2449581146240236,-0.006834474502473542,0.03923747969797797,0.3422511270416082,0.3422511270416082,-0.11298977414116229,0.2842147946687501,3.4939928421917936,3.479687535400854,15.105404144797811,36.65146724036294
2018-03-26 00:00:00-04:00,2311830016.0,0.7832464414332048,37.55667070299411,3.297039031982422,0.016049796490033463,-0.0026965957039440935,-0.41418896597291044,-0.4051915404243409,-0.23964192051769573,0.25136694981780416,3.4912926041241925,3.495609895649421,14.570646135858288,36.13195139842057
2018-03-27 00:00:00-04:00,2311830016.0,0.5866317333869213,37.4223599050961,3.2893440246582033,-0.0023339145365203207,0.005407860488573224,-0.18797875840030076,-0.18797875840030076,-0.2510253448282672,-0.0035762168313631104,3.4966858946398833,3.493273253289204,14.362417356301213,35.92372261886349
2018-03-28 00:00:00-04:00,2311830016.0,0.5634699204695804,43.66977328353723,3.392914962768555,0.03148680628536993,0.010221190720936413,0.5698246426297817,0.5698246426297817,-0.039482713939827385,0.166943329984659,3.506855202229694,3.5242745159322757,14.813381276830851,36.37468653939313
2018-03-29 00:00:00-04:00,2311830016.0,0.8734466369093669,46.27209367881826,3.4142196655273436,0.006279173805583627,0.03319110882193077,0.5344516129032257,0.5344516129032257,0.5501211425473436,0.05959088402829105,3.5395073789559577,3.5305340578644566,15.241554338601448,36.80285960116373
2018-04-02 00:00:00-04:00,2311830016.0,0.896448451944907,43.79798149561189,3.3722003936767577,-0.012307137784614675,-0.012712550250037258,-0.6803853731199847,-0.6803853731199847,0.02633453958553278,-0.053468775378515576,3.5267133328219495,3.5181505600975997,14.100915038671998,35.66222030123428
2018-04-03 00:00:00-04:00,2311830016.0,0.7237119060452429,54.62432699941114,3.465708541870117,0.02772911964801894,0.013746310430825526,1.0,1.0,-0.19268988141470955,0.24718822955080544,3.540366019737116,3.545502190119826,14.906728912078671,36.468034174640955
2018-04-04 00:00:00-04:00,2073360000.0,0.7754435645701431,56.85975816097082,3.5308082580566404,0.018783955834726695,0.007895521374073233,-0.22428557036838037,-0.30430210755555187,0.07148101073476898,0.04092372912134512,3.5482305345838365,3.5641119060180135,14.652758082497977,36.10519439918099
2018-04-05 00:00:00-04:00,2073360000.0,0.8097938485089536,59.19806168609073,3.5550731658935546,0.006872338021059576,0.016859701261308757,-0.4891341991341991,-0.4891341991341991,0.04429759367189057,0.04112404978051676,3.564949688605093,3.5709607371608243,13.98110973861384,35.43354605529685
2018-04-06 00:00:00-04:00,2073360000.0,0.78335098356416,63.09498745596363,3.5669105529785163,0.003329716867300103,0.009546391464916093,0.8389966951953225,0.8389966951953225,-0.03265382293713637,0.06582860416168868,3.574450801213383,3.574284922795807,14.590329887168245,36.04276620385126
2018-04-09 00:00:00-04:00,2073360000.0,0.7225958650561568,71.91075940774866,3.5686851501464845,0.0004975165879856913,0.008626192807249744,-0.19339231407243573,-0.19339231407243573,-0.07755797820227928,0.13972222370180964,3.5830400010064793,3.5747823156634486,14.375412019376858,35.82784833605987
2018-04-10 00:00:00-04:00,2073360000.0,0.744022247660879,74.89948913765916,3.551522445678711,-0.004809251515805135,-0.005263102337772385,-0.11893744644387316,-0.11893744644387316,0.029651958502498577,0.041561648834269604,3.5777629997565508,3.569961462485753,14.248785366711706,35.70122168339472
2018-04-11 00:00:00-04:00,2073360000.0,0.5520142032355925,81.0700775575422,3.5160137176513673,-0.009998170804340178,-0.009589776648123549,-0.3113531738312909,-0.3113531738312909,-0.2580676115921774,0.08238491998980146,3.5681269450988404,3.5599129743029283,13.87575863830963,35.32819495499265
2018-04-12 00:00:00-04:00,2073360000.0,0.4093129075743653,76.87288928267377,3.4923404693603524,-0.006732979502374725,-0.0065109853136448015,-0.18595235853497782,-0.18595235853497782,-0.25851018836978024,-0.05177234808847131,3.5615946708620942,3.5531572260354283,13.670022251215668,35.12245856789868
2018-04-13 00:00:00-04:00,2073360000.0,0.39090122009765077,73.2017982017982,3.481687545776367,-0.0030503679917371906,-0.011426688443148647,0.974323386537127,0.974323386537127,-0.0449819371341702,-0.0477553415141766,3.5501021961885857,3.5501021961885857,14.350248001776578,35.80268431845959
2018-04-16 00:00:00-04:00,2073360000.0,0.5593112403308069,62.34205926449976,3.424280548095703,-0.016488268095827374,-0.01138884248056804,1.0,1.0,0.4308250053327687,-0.14835344491621616,3.538648004197525,3.533476483692603,15.061737930187046,36.514174246870056
2018-04-17 00:00:00-04:00,2073360000.0,0.7472320756609767,56.03735970321905,3.3585895538330077,-0.019183882085603954,-0.014786437863796742,-0.20395720694811914,-0.20395720694811914,0.33598615901054174,-0.10113075563531915,3.523751157238117,3.51410620319376,14.833635595719697,36.28607191240271
2018-04-18 00:00:00-04:00,2073360000.0,0.946010121849447,37.360337663187515,3.2455509185791014,-0.033656579180656454,-0.024607523530412734,-0.016076589595375723,-0.016076589595375723,0.26601915611376525,-0.3332958965045357,3.498835808225157,3.47987020334067,14.817428375805866,36.26986469248888
2018-04-19 00:00:00-04:00,2137680000.0,1.271198226523537,27.46074003936191,3.0916776657104488,-0.04741051880831937,-0.03614232759297109,1.0,1.0,0.34374696122526505,-0.26497612824254624,3.462024170222007,3.4312989704553,15.981427916580387,37.464414882336385
2018-04-20 00:00:00-04:00,2137680000.0,1.6397193180746272,28.016904581692145,3.063862037658692,-0.008996936634196318,-0.036012575190708995,-0.6035815009286222,-0.6035815009286222,0.28990057086448173,0.02025307917896746,3.425347140961691,3.4222613169848555,15.056143106652813,36.53913007240881
2018-04-23 00:00:00-04:00,2137680000.0,1.6358051348308467,22.735413454883073,3.1094316482543944,0.014873258010835722,0.01136122222049396,-0.18066400601538546,-0.18066400601538546,-0.0023871056470669005,-0.18851087247733644,3.436644309194837,3.4370250527269874,14.856882076460069,36.339869042216066
2018-04-24 00:00:00-04:00,2137680000.0,1.537369931696233,13.583779942143877,3.0833913803100583,-0.008374606966824683,-0.010472175362168379,-0.12632805054533902,-0.12632805054533902,-0.06017538460948313,-0.4025276923553648,3.426116914756711,3.4286151817195676,14.721831758800938,36.20481872455694
2018-04-25 00:00:00-04:00,2137680000.0,1.2274473721366617,21.795911784366254,3.1721643447875976,0.028790689707581807,0.019049312899109827,0.20446832579185514,0.20446832579185514,-0.2015927026864791,0.6045542461081923,3.4449870612504276,3.4569992065176884,14.907870004966618,36.390856970722616
2018-04-26 00:00:00-04:00,2137680000.0,0.8739137012015986,30.518901484608378,3.2692237854003907,0.030597229545271887,0.03134456261474061,0.48931674101901845,0.48931674101901845,-0.28802348594355964,0.40021219513739004,3.4758504127942214,3.4871376752301297,15.306187456677302,36.7891744224333
2018-04-27 00:00:00-04:00,2137680000.0,0.7701984399009543,30.310017288416745,3.2680385589599608,-0.000362540626837049,0.011167600337768313,-0.49370509673205554,-0.49370509673205554,-0.1186790654020411,-0.006844420540397911,3.4869561158861466,3.4867750688695516,14.625551489995718,36.10853845575171
2018-04-30 00:00:00-04:00,2293370112.0,0.858912678435161,29.598790883318756,3.232530975341797,-0.010865105468481406,-0.0036206659274797826,-0.33425266903914586,-0.2857653947413107,0.11518361235010444,-0.023465061016965882,3.483328879483329,3.4758505070843366,14.218706426628396,35.77199466393266
2018-05-01 00:00:00-04:00,2293370112.0,0.7771099849379072,27.380920676977638,3.133696365356445,-0.03057499239428052,-0.03707078021098176,0.5494454095950823,0.5494454095950823,-0.0952398253641904,-0.07493110833764027,3.445553509898205,3.4447983481744657,14.656603493272527,36.209891730576786
2018-05-02 00:00:00-04:00,2293370112.0,0.7224410537066918,28.221691913068952,3.1342878341674805,0.00018874477360797393,0.01528577428450606,-0.026478071499417832,-0.026478071499417832,-0.07034902689557332,0.030706463307431875,3.460723633783123,3.44498707513802,14.629768564273277,36.183056801577536
2018-05-03 00:00:00-04:00,2293370112.0,0.5903272860697528,27.821118875072614,3.1117990493774412,-0.007175086009933329,-0.01375451907828551,0.8471760797342194,0.8471760797342194,-0.18287134564002316,-0.014193799550722197,3.4468736448686603,3.4377861244031176,15.243426593774984,36.79671483107924
2018-05-04 00:00:00-04:00,2293370112.0,0.6448385610925633,30.1441597086951,3.1147571563720704,0.0009506099036893367,-0.01093135952789459,-0.32808153477218227,-0.32808153477218227,0.09234076809447944,0.08349918793898325,3.4358820990160677,3.4387362827633505,14.84580831644851,36.39909655375277
2018-05-07 00:00:00-04:00,2293370112.0,0.6586941792643687,32.32887706359128,3.101738166809082,-0.004179776756064069,0.004573577779274363,-0.5573360933652165,-0.5573360933652165,0.021486956593181228,0.0724756429108886,3.440445249768947,3.4345477463228833,14.03086384380342,35.58415208110768
2018-05-08 00:00:00-04:00,2293370112.0,0.5824457025381917,34.88565659311874,3.0419635772705083,-0.019271320248177792,-0.012519187223517969,1.0,1.0,-0.11575702219098316,0.07908655548097898,3.4278470372735548,3.41508831347561,14.815517242878261,36.36880548018252
2018-05-09 00:00:00-04:00,2293370112.0,0.35080097711059827,52.470292101396396,3.1212678909301763,0.026070106247237268,0.002689256626435821,0.3029834823235109,0.3029834823235109,-0.39771042076218976,0.504064914511205,3.4305326843193336,3.4408243875654914,15.080173864289439,36.6334621015937
2018-05-10 00:00:00-04:00,2293370112.0,0.3479002039305295,54.685871042582534,3.117717361450196,-0.0011375279546805839,0.006513568448642371,-0.5317484965696377,-0.5317484965696377,-0.008268999715910774,0.04222539750502308,3.4370251311494684,3.4396862121348257,14.321424137369243,35.87471237467351
2018-05-11 00:00:00-04:00,2293370112.0,0.19439586208444645,44.861638743253756,3.047882080078125,-0.02239949080553838,-0.0009517359581812102,0.6485981308411215,0.6485981308411215,-0.44123096253411676,-0.1796484560276802,3.4360729420030536,3.417032042431649,14.82134944648003,36.37463768378429
2018-05-14 00:00:00-04:00,2293370112.0,0.16671050104051718,47.11930956666883,3.0502490997314453,0.000776611296346319,-0.01028779529911672,-0.18012581376636672,-0.18012581376636672,-0.14241744009912427,0.050325197354824214,3.4257318615651013,3.417808352321483,14.622745064561988,36.17603330186625
2018-05-15 00:00:00-04:00,2293370112.0,0.2585452392556978,37.33331979083086,3.048473930358887,-0.0005819752139963885,-0.010009487410668871,-0.11103180621849484,-0.11103180621849484,0.5508635487386673,-0.20768533889470153,3.41567194242258,3.417226207694179,14.505051242930108,36.058339480234366
2018-05-16 00:00:00-04:00,2293370112.0,0.22808156304609722,23.746089663115697,3.0585348129272463,0.0033003013305004103,0.007971930130188154,-0.26555600160578086,-0.26555600160578086,-0.11782725644958558,-0.3639437961542391,3.4236122645909526,3.420521074982944,14.196409712127188,35.74969794943145
2018-05-17 00:00:00-04:00,2293370112.0,0.235081351879647,22.901757593484234,3.042556381225586,-0.005224211159580605,-0.00038555418218233495,1.0,1.0,0.030689849455894258,-0.0355566782409209,3.4232266360636463,3.4152831699181876,14.929536772684738,36.482825009989
2018-05-18 00:00:00-04:00,2293370112.0,0.2570636010323458,23.74606708779349,3.021841621398925,-0.006808340497643228,-0.005982629222442304,-0.3013851506597518,-0.3013851506597518,0.09350911493801917,0.036866580692019424,3.417226039216732,3.40845154693347,14.570881081704352,36.124169319008615
2018-05-21 00:00:00-04:00,2293370112.0,0.35331272292276117,27.854424609757302,2.9821893692016603,-0.013121882998920475,-0.018637167548821165,-0.12065401240368356,-0.12065401240368356,0.3744175429889216,0.17301212477731465,3.3984130112058217,3.3952428114120634,14.442304237974199,35.99559247527846
2018-05-22 00:00:00-04:00,2293370112.0,0.3622149668854791,29.321910205651307,2.989883232116699,0.002579937744563443,-0.0013847221404601484,0.8763090403932465,0.8763090403932465,0.02519649982903127,0.052684110925053984,3.397027329451691,3.3978194268302806,15.071610808676226,36.62489904598049
2018-05-23 00:00:00-04:00,2293370112.0,0.34215912232786305,30.673652583404504,2.982781982421875,-0.0023750926519617854,0.007329799283863236,-0.5854714240965915,-0.5854714240965915,-0.05537000508307843,0.04610007902870783,3.4043303963061975,3.395441509171778,14.190997442552753,35.744285679857015
2018-05-24 00:00:00-04:00,2293370112.0,0.34017914794376164,33.16238412172157,2.9981687545776365,0.005158530608820655,0.002556394260813999,0.3796798790959677,0.3796798790959677,-0.005786706403239417,0.08113580642376972,3.406883528549356,3.400586780142196,14.512848943142687,36.06613718044695
2018-05-25 00:00:00-04:00,2293370112.0,0.2885913633662701,39.80418980403208,3.027760124206543,0.009869814560546697,-0.0003922258256733313,0.35456084445329616,0.35456084445329616,-0.15164887351067158,0.2002813084225774,3.406491225783014,3.4104082062127934,14.816326244908117,36.36961448221238
2018-05-29 00:00:00-04:00,2293370112.0,0.24414280223469456,40.80273867177433,2.9768638610839844,-0.016809872986849106,-0.013736131683260155,-0.25664399926484105,-0.25664399926484105,-0.1540190275034773,0.025086526635974993,3.3926598805267254,3.393455443744869,14.51974603550964,36.0730342728139
2018-05-30 00:00:00-04:00,2293370112.0,0.1788458335047596,31.528076565594446,3.0082305908203124,0.010536837154825784,0.0009948936956456489,1.0,1.0,-0.2674539987755402,-0.22730489197764847,3.393654279643646,3.403937155325759,15.537884221373936,37.091172458678194
2018-05-31 00:00:00-04:00,2293370112.0,0.2770175574771222,36.496335769488326,3.0301279067993163,0.00727913479964748,0.025442223094488847,-0.5284754725070564,-0.5284754725070564,0.5489181494952184,0.1575820584410652,3.4187782363571193,3.4111899250894813,14.786100063245808,36.33938830055007
2018-06-01 00:00:00-04:00,2293370112.0,0.2796411652403088,42.283249695941464,3.0046789169311525,-0.008398652020945696,-0.007365998144885699,-0.3083159689335101,-0.3083159689335101,0.009470907862593858,0.158561504996102,3.411384975286287,3.402755805665453,14.417474033101602,35.970762270405864
2018-06-04 00:00:00-04:00,2293370112.0,0.28167335543453453,41.17644669170916,3.0005359649658203,-0.001378833505965238,-0.003319700831622696,-0.3559730514323274,-0.3559730514323274,0.007267135339245945,-0.0261759210134348,3.4080597520225897,3.4013760206938604,13.977459324950292,35.530747562254554
2018-06-05 00:00:00-04:00,2293370112.0,0.31488857047961927,34.14628668579036,2.940761947631836,-0.01992111343836711,-0.015282149121137456,0.8498043885014459,0.8498043885014459,0.11792104011344628,-0.1707325563702493,3.3926596273708434,3.381253806628134,14.592539222504922,36.14582745980918
2018-06-06 00:00:00-04:00,2293370112.0,0.39594267984105713,32.136407741992215,2.940761947631836,0.0,-0.011341020968160698,-0.23793103448275865,-0.23793103448275865,0.25740568874246894,-0.0588608349216061,3.381253806628134,3.381253806628134,14.320821001042155,35.87410923834641
2018-06-07 00:00:00-04:00,2293370112.0,0.5197035572787454,29.15305445444774,2.8910495758056642,-0.016904588916557772,-0.011470889442472543,0.7086576168929111,0.7086576168929111,0.31257271251325935,-0.09283406258398219,3.3697166190466477,3.3642047042055627,14.856529043906802,36.40981728121106
2018-06-08 00:00:00-04:00,2299020032.0,0.6368725848095842,36.00017944785757,2.9182741165161135,0.009416836341473722,-0.005903657538195106,-0.28688958723208924,-0.2851327766927768,0.22545358000694748,0.23486818522253317,3.3637954660300964,3.373577478544155,14.518410029966898,36.07415882601003
2018-06-11 00:00:00-04:00,2299020032.0,0.5333084259099506,49.84946272048505,2.9810062408447267,0.021496309744714504,0.021093270364139105,-0.25807090512972863,-0.25807090512972863,-0.16261362377624988,0.3847003955268249,3.384669353013,3.394846001228455,14.219908430112016,35.77565722615514
2018-06-12 00:00:00-04:00,2299020032.0,0.4331147919973114,41.952574692244866,2.917681884765625,-0.021242611039001824,-0.00581611434055862,0.07221035771489581,0.07221035771489581,-0.18787183746756886,-0.15841470694517734,3.3788362592110954,3.373374518908273,14.28963070272185,35.84537949876498
2018-06-13 00:00:00-04:00,2299020032.0,0.28009091316597967,44.12524881425362,2.9295175552368162,0.004056532185016559,0.002823998445670828,-0.05919332752396367,-0.05919332752396367,-0.3533102116546545,0.05178881482118847,3.3816562776643897,3.377422845549821,14.22861309320165,35.78436188924478
2018-06-14 00:00:00-04:00,2299020032.0,0.2254034647796598,42.93333722940393,2.9354358673095704,0.002020234376876928,0.0008047486070568155,-0.02553754548461795,-0.02553754548461795,-0.1952489203172133,-0.027012008246504515,3.3824607026349054,3.3794410419974974,14.202743804477635,35.75849260052076
2018-06-15 00:00:00-04:00,2299020032.0,0.2224545838138792,37.465529640513886,2.920048713684082,-0.005241863328320995,-0.00844213589718823,1.0,1.0,-0.01308267807091279,-0.12735575526482223,3.3739827300739385,3.3741853919036013,14.933729376271302,36.48947817231443
2018-06-18 00:00:00-04:00,2299020032.0,0.2853531182341915,36.75666988806687,2.860866355895996,-0.020267592629788167,-0.014392984264637532,-0.3872981630385043,-0.3872981630385043,0.28274775615744363,-0.018920318470033948,3.359485162083712,3.353709593596266,14.443852515158104,35.99960131120123
2018-06-19 00:00:00-04:00,2331079936.0,0.3317970919424232,33.89824259051636,2.873295021057129,0.004344371115245771,-0.002879300454373679,-0.43734329154441187,-0.42949702669810264,0.16275965020334815,-0.07776622055956439,3.3566017084697397,3.3580445551738243,13.868766924264706,35.43836441325505
2018-06-20 00:00:00-04:00,2331079936.0,0.3586713345658264,41.50000181285171,2.949640274047852,0.026570627948477865,0.03362219783693443,1.0,1.0,0.08099601616781715,0.2242523104859151,3.389671038520753,3.3842683149096375,14.694390138440255,36.2639876274306
2018-06-21 00:00:00-04:00,2331079936.0,0.4639403907646431,48.359692469994755,2.988700103759766,0.01324223501271593,0.01117522802530635,-0.02906735320986631,-0.02906735320986631,0.2934972663099644,0.16529374355397608,3.4007842850295815,3.397423637959938,14.664891960554856,36.2344894495452
2018-06-22 00:00:00-04:00,2331079936.0,0.6060490998514491,54.515789200513694,3.0496570587158205,0.020395808491916245,0.011446446780014607,0.49674963647250014,0.49674963647250014,0.30630812043027666,0.12729809508897416,3.4121657168937958,3.417614237526237,15.068187808500248,36.637785297490595
2018-06-25 00:00:00-04:00,2331079936.0,0.638374949574013,53.58294248244402,2.980414390563965,-0.0227050671005653,-0.011902331463959248,-0.3194559533674315,-0.3194559533674315,0.05333866468985349,-0.01711149616927654,3.4001919855672766,3.394647441080027,14.683325076381314,36.25292256537166
2018-06-26 00:00:00-04:00,2315379968.0,0.6358407059074825,49.751740727322506,2.9378028869628903,-0.014297174156715609,-0.0019747834731546066,0.31112230759541504,0.3022918175056346,-0.003969835702703484,-0.0715003987766587,3.398215249638364,3.3802470776042575,14.95420857017167,36.51704821423328
2018-06-27 00:00:00-04:00,2315379968.0,0.5348834817312125,51.809750633323574,2.911763572692871,-0.008863533488095432,-0.01760954543749438,-0.26278541006180545,-0.26278541006180545,-0.15877754166773927,0.04136558592553641,3.380448811554939,3.3713440293362127,14.649332307806988,36.2121719518686
2018-06-28 00:00:00-04:00,2315379968.0,0.327167430511688,59.37290320550356,3.045525550842285,0.06925767601485311,0.029514888800391992,-0.1843099778463142,-0.1843099778463142,-0.38833887811832846,0.14597932782396827,3.409536521102551,3.4383086763129063,14.445611436806583,36.00845108086819
2018-06-29 00:00:00-04:00,2315379968.0,0.38311522794750974,53.66797503738169,3.027523231506348,-0.02759093414412861,0.01110918190764032,-0.3783683033336883,-0.3783683033336883,0.1710066229646383,-0.09608639396284491,3.4205844492838833,3.4103299629047927,13.970203947640755,35.533043591702366
2018-07-02 00:00:00-04:00,2315379968.0,0.38709087043257484,57.38963704537391,3.0053194046020506,-0.007333990594433737,-0.022366102747833128,0.0009423455838259986,0.0009423455838259986,0.010377145555826806,0.06934604865191862,3.397964432066565,3.402968946381659,13.971145849495723,35.53398549355733
2018-07-03 00:00:00-04:00,2315379968.0,0.529809886497691,60.95668232862765,3.071330070495605,0.02196460908363762,0.037125978116193226,0.0987675453611776,0.0987675453611776,0.36869641463160163,0.0621548674446839,3.43441783717191,3.4246958084868955,14.065334987859815,35.628174631921425
2018-07-05 00:00:00-04:00,2315379968.0,0.6089693803948558,62.3913692128049,3.101935768127441,0.009964965317744934,-0.000580305327192554,0.02484810718180408,0.02484810718180408,0.14941113013282692,0.023536170758812203,3.433837363402412,3.4346114509342147,14.08987940135393,35.65271904541554
2018-07-06 00:00:00-04:00,2315379968.0,0.6403893931099225,64.14881899611933,3.1073373794555663,0.0017413678850566328,0.001549063973388387,-0.39499885992247474,-0.39499885992247474,0.051595390058353896,0.0281681553953419,3.4353852288138103,3.436351304396073,13.58735446482652,35.15019410888813
2018-07-09 00:00:00-04:00,2315379968.0,0.5270653927446769,71.66156855830312,3.1331409454345702,0.008304076071560917,0.012371623665780929,1.0,1.0,-0.1769610827170487,0.11711438619997461,3.447680949332449,3.4446210913235906,14.319674038856714,35.88251368291832
2018-07-10 00:00:00-04:00,2347879936.0,0.4929453199221852,71.20207078747538,3.135541725158692,0.0007662533431891383,-0.009547353007154702,-0.30901183860835946,-0.299312742371898,-0.0647359384474333,-0.006412052932582624,3.4380877281707978,3.445387051244568,13.95004145092188,35.5268200539441
2018-07-11 00:00:00-04:00,2347879936.0,0.4768937005456792,61.24777792291189,3.083333396911621,-0.016650497050690216,-0.0075185833108391,-0.17569930069930073,-0.17569930069930073,-0.032562677294592945,-0.1398034179971417,3.4305407378358344,3.4285963764702547,13.756821561615595,35.333600164637815
2018-07-12 00:00:00-04:00,2347879936.0,0.18075526268109438,60.07511642086355,3.1049373626708983,0.007006691453125491,0.0005827888367269107,-0.06829268292682922,-0.06829268292682922,-0.6209736834974595,-0.019146188511920847,3.4311233569170985,3.435578635123158,13.686085010523817,35.26286361354604
2018-07-13 00:00:00-04:00,2347879936.0,0.18075466195847634,55.667100764082385,3.1085378646850583,0.0011596053619138402,0.0033003768778130382,-0.25734122467562026,-0.25734122467562026,-3.323403197974528e-06,-0.07337506640686764,3.434418299504665,3.4367375686620907,13.388566418178986,34.96534502120121
2018-07-16 00:00:00-04:00,2347879936.0,0.20064590312639624,58.6754333856421,3.06593017578125,-0.013706665563851805,-0.005998598812197997,0.38375478927203055,0.38375478927203055,0.1100455222144665,0.05404148195734226,3.4284016368237844,3.422936099466551,13.713367084295571,35.29014568731779
2018-07-17 00:00:00-04:00,2347879936.0,0.3820202851667736,57.34910975816411,3.011920166015625,-0.017616190411727906,-0.021218801586364133,0.5729316646361724,0.5729316646361724,0.9039525812102984,-0.0226044112663093,3.4069544804124683,3.4051628972735237,14.16630826473013,35.74308686775235
2018-07-18 00:00:00-04:00,2347879936.0,0.35338157239389983,60.16986819777163,3.009520530700684,-0.0007967127887441583,0.00616570318963694,-0.26320236586396284,-0.26320236586396284,-0.07496647137565315,0.04918574065931258,3.4131012534262415,3.404365866940473,13.860866259685071,35.437644862707295
2018-07-19 00:00:00-04:00,2347879936.0,0.47307613629692796,49.20393754586638,3.039525413513184,0.009969987746026199,-0.019766850950566295,1.0,1.0,0.3387119568578114,-0.18224953752368978,3.393136425006593,3.4142864822491945,15.116056380741686,36.69283498376391
2018-07-20 00:00:00-04:00,2347879936.0,0.4863538589938063,59.523813763336655,3.1091371536254884,0.022902174070604353,0.041540566357409325,-0.43164546618364064,-0.43164546618364064,0.028066777582170133,0.2097367961222698,3.4338373559020563,3.436930338126728,14.551046505016005,36.12782510803822
2018-07-23 00:00:00-04:00,2347879936.0,0.48368005500250905,59.19220616754987,3.084532928466797,-0.007913521965411174,-0.003484995856391726,-0.4481453081568101,-0.4481453081568101,-0.005497651435991346,-0.005571007212428314,3.4303462733019727,3.428985338068,13.956575998242878,35.533354601265096
2018-07-24 00:00:00-04:00,2347879936.0,0.506853626480896,55.60613656294113,3.115738296508789,0.01011672391434093,0.00854870016061815,0.08371689101172386,0.08371689101172386,0.04791095113125299,-0.06058347604848491,3.4388586402463757,3.439051230475695,14.036972696495946,35.613751299518164
2018-07-25 00:00:00-04:00,2347879936.0,0.5873121979933581,51.298747534954416,3.111537742614746,-0.0013481728869044751,0.007513041302759538,-0.009696289766808253,-0.009696289766808253,0.15874123673749563,-0.07746247616234114,3.446343599222402,3.437702147986098,14.027229091609016,35.604007694631235
2018-07-26 00:00:00-04:00,2347879936.0,1.0038223724539836,65.35796563315583,3.266964340209961,0.04995169927285015,0.05105157468619703,1.0,1.0,0.7091801871026964,0.2740655235027252,3.4961347619267324,3.486446310404942,14.72102341666655,36.297802019688774
2018-07-27 00:00:00-04:00,2347879936.0,1.073379219687997,59.16299451766372,3.2303585052490233,-0.011204846808516078,-0.014735244208973985,-0.25113213650331556,-0.25113213650331556,0.06929198744990295,-0.09478525005297023,3.4812898756048702,3.4751782164065763,14.431830688410892,36.00860929143311
2018-07-30 00:00:00-04:00,2347879936.0,0.8971132925976545,62.00006222927334,3.2723655700683594,0.01300383989921805,0.006831586230994446,-0.3136439717077911,-0.3136439717077911,-0.16421589300152317,0.04795341640056083,3.4880982322870815,3.4880982322870815,14.055471894204643,35.63225049722686
2018-07-31 00:00:00-04:00,2347879936.0,0.9952310134691345,69.14414035529794,3.2873680114746096,0.004584586008199665,0.02127264443009058,0.0705632473253619,0.0705632473253619,0.10937049052898673,0.11522695089572865,3.5091477724818927,3.4926723410910725,14.123656803548409,35.70043540657063
2018-08-01 00:00:00-04:00,2347879936.0,0.8585304463760501,67.91566210354964,3.288568115234375,0.00036506523017099113,-0.012749170300919599,0.38525975457417894,0.38525975457417894,-0.13735561416698538,-0.017766917708944674,3.4963166340805247,3.4930373397011456,14.449544474031713,36.02632307705393
2018-08-02 00:00:00-04:00,2347879936.0,0.6389497166604142,63.5658333553321,3.2555622100830077,-0.01003655815990745,-0.009276145598827501,-0.3978888181625292,-0.3978888181625292,-0.2557634742512743,-0.06404750558988048,3.486997197117132,3.48295007573156,13.94223131074343,35.51900991376565
2018-08-03 00:00:00-04:00,2347879936.0,0.33673024125764034,70.06962926582497,3.273565673828125,0.005530062884179454,-0.007159771690991801,-0.2665844418993921,-0.2665844418993921,-0.4729941457402601,0.10231590726006434,3.47981167125787,3.4884649039579245,13.632188500836737,35.20896710385895
2018-08-06 00:00:00-04:00,2191130112.0,0.3694218481983974,71.47946314318969,3.229758453369141,-0.013382111380632833,-0.003143428111375579,-0.16960960960960958,-0.22504836759258384,0.09708544982077782,0.020120470054382444,3.4766632921983267,3.4749924451936236,13.446329161933356,34.95401244248571
2018-08-07 00:00:00-04:00,2191130112.0,0.3889275392251661,72.21569943284645,3.236958312988281,0.0022292254120830357,-4.082478184397331e-07,0.3610588745841168,0.3610588745841168,0.05280058860052361,0.010299969491683436,3.476662883950425,3.477219189569247,13.754592142994857,35.26227542354721
2018-08-08 00:00:00-04:00,2191130112.0,0.3986586357589992,70.74076297633046,3.241159439086914,0.0012978622807022777,0.0038954942334950005,0.30832181953448834,0.30832181953448834,0.025020332973128223,-0.020424041698682727,3.4805508103934146,3.478516210354717,14.02333740516659,35.53102068571894
2018-08-09 00:00:00-04:00,2205860096.0,0.2628948348008849,66.19117897099329,3.24536018371582,0.0012960623220958922,-0.008499672108107759,-0.004224207961007309,0.0024699456193719715,-0.3405515114444617,-0.06431347095958573,3.47201481007394,3.4798114335130355,14.019104250033768,35.533487586036095
2018-08-10 00:00:00-04:00,2233400064.0,0.2481564157017034,63.64886075287101,3.203953170776367,-0.01275883433438918,-0.009504168592586959,0.5723609071626692,0.5919916938776717,-0.05606203374191154,-0.03840871635231624,3.462465188647512,3.4669705062307887,14.471682502399323,35.99847345603115
2018-08-13 00:00:00-04:00,2233400064.0,0.301320985017579,58.773091976161716,3.189550018310547,-0.0044954316427572305,-0.006585426539015171,0.023814465082494518,0.023814465082494518,0.214238141559,-0.0766041798554794,3.4558579825158824,3.462464939750151,14.495217826157518,36.022008779789346
2018-08-14 00:00:00-04:00,2233400064.0,0.29536892528616965,60.50428210667458,3.2015541076660163,0.003763568304794296,0.007197683134895216,-0.2827243703440937,-0.2827243703440937,-0.01975322007878766,0.029455488426830323,3.4630298859583135,3.466221443551366,14.162922734623821,35.68971368825565
2018-08-15 00:00:00-04:00,2233400064.0,0.4446495699779368,34.87907889652652,3.176948356628418,-0.007685564638336362,-0.0233175293938247,1.0,1.0,0.505404028359232,-0.42352710118878,3.4394362016962896,3.458506192760075,14.946686837505647,36.473477791137476
2018-08-16 00:00:00-04:00,2233400064.0,0.4240035963858537,41.77789612117741,3.1859508514404298,0.00283369252547927,0.013669945190182498,-0.18742941954634917,-0.18742941954634917,-0.04643201070251235,0.1977924143328773,3.4530135560393043,3.461335877947481,14.739134337205222,36.265925290837046
2018-08-17 00:00:00-04:00,2233400064.0,0.33533335112682244,40.45454414118713,3.221956253051758,0.011301304787878053,0.012915254816159072,-0.5932337992376111,-0.5932337992376111,-0.20912616311475618,-0.03167588851654668,3.4658461201717645,3.472573800081158,13.839617633307506,35.366408586939336
2018-08-20 00:00:00-04:00,2233400064.0,0.36826690215183366,39.77018162475913,3.233958435058594,0.0037251225852206193,0.010688181867548163,-0.2415072237407263,-0.2415072237407263,0.0982113795551336,-0.01691682679798734,3.4764775871847124,3.476292001579847,13.563195629349785,35.08998658298161
2018-08-21 00:00:00-04:00,2132329984.0,0.43824607431207596,34.96944517745983,3.2003524780273436,-0.01039158594833367,0.002411728798995094,0.43268983268983274,0.3678550194652783,0.19002297450936934,-0.12071195682723701,3.4788864124332544,3.4658460461172735,13.922749308633874,35.40323041664266
2018-08-22 00:00:00-04:00,2132329984.0,0.4301486575258311,34.61558258067761,3.164346694946289,-0.011250567969703251,-0.015176571324728938,-0.3927416457060726,-0.3927416457060726,-0.018476872380330023,-0.01011919391304239,3.46359349832602,3.4545317117847714,13.423948355025102,34.904429463033885
2018-08-23 00:00:00-04:00,2132329984.0,0.4859330493872845,26.014942886647745,3.117538642883301,-0.014792327319172793,-0.0193572530218995,1.0,1.0,0.12968630933854186,-0.24846150354351504,3.444046440286898,3.4396288869610654,14.21669987120965,35.69718097921844
2018-08-24 00:00:00-04:00,2132329984.0,0.6382425766742922,22.169932955131614,3.0173206329345703,-0.03214651731022089,-0.022805833090720262,-0.20715050883770758,-0.20715050883770758,0.31343726770396785,-0.1478000527723471,3.420976531482319,3.406954322941629,13.984577999079812,35.4650591070886
2018-08-27 00:00:00-04:00,2132329984.0,0.8333299270106512,27.52603268691952,3.0527273178100582,0.011734478758743005,-0.008432848075696331,-0.1739571018409053,-0.1739571018409053,0.305663328436824,0.24159296027767851,3.4125079257756017,3.4186204866131056,13.793469427087393,35.273950535096176
2018-08-28 00:00:00-04:00,2134089984.0,0.966245101380476,23.78484258710128,3.001718521118164,-0.01670925417881297,-0.007911447521186332,0.21897362502555717,0.2199797514675914,0.15949886120929624,-0.13591461371751068,3.404565016706018,3.401770058024462,13.991478640786054,35.4727847965459
2018-08-29 00:00:00-04:00,2134089984.0,0.9503808919417294,22.39418753955023,2.987916374206543,-0.004598081670389109,-0.003987186137087262,-0.15405904059040587,-0.15405904059040587,-0.016418411245843756,-0.05846812071420704,3.4005698605499313,3.397161372659628,13.824172931042927,35.30547908680277
2018-08-30 00:00:00-04:00,2134089984.0,0.8353291237413154,22.194231654872297,2.9423084259033203,-0.01526413145191663,-0.01641310428950693,-0.09755130365817388,-0.09755130365817388,-0.12105858732634123,-0.008928918913659767,3.384020569037932,3.3817795451316415,13.72152949449338,35.20283565025323
2018-08-31 00:00:00-04:00,2275849984.0,0.6840107172433705,21.091290701495637,2.903301811218262,-0.013257146783679952,-0.006919013793403317,0.4304075579479292,0.5254244395859897,-0.18114824707680754,-0.04969493742913744,3.3770775078817086,3.368433737916113,14.07948890371682,35.62510834262848
2018-09-04 00:00:00-04:00,2275849984.0,0.6256017885631696,18.07520835563831,2.875097465515137,-0.009714575864673947,-0.015368646566033872,-0.08033177175332151,-0.08033177175332151,-0.08539183262448646,-0.1430013169200427,3.3615895395455997,3.3586716677174753,13.995746608267208,35.54136604717887
2018-09-05 00:00:00-04:00,2275849984.0,0.6520988354064764,20.93857941739043,2.8870983123779297,0.004174066099231544,-0.007284486062183793,1.0,1.0,0.0423544934296991,0.15841427691531584,3.3542783920594017,3.362837046568515,14.925392438890615,36.471011877802276
2018-09-06 00:00:00-04:00,2275849984.0,0.5946562595715886,18.275681671053036,2.8546932220458983,-0.011224103520514062,0.00419308411907382,-0.5301582069874753,-0.5301582069874753,-0.08808875697359864,-0.12717661944753222,3.3584627096984425,3.351549477454955,14.170033187334864,35.71565262624652
2018-09-07 00:00:00-04:00,2278500096.0,0.551234146777877,12.162073516434546,2.8522922515869142,-0.0008410607628316358,-0.011064945589218222,-0.23100666432830586,-0.2301112105501083,-0.07302052588329688,-0.3345214840495866,3.3473360922462643,3.3507080628020773,13.907360211594153,35.45414342239535
2018-09-10 00:00:00-04:00,2253929984.0,0.37261193124282793,9.728961266089485,2.841490936279297,-0.0037868894050417934,0.012877563992021335,0.6944900565590222,0.6762175927809291,-0.32404054897387535,-0.20005735428726112,3.3601314454420557,3.3469139849777814,14.434742055574052,35.97068324465647
2018-09-11 00:00:00-04:00,2253929984.0,0.4227062544473433,9.111778313005615,2.77487907409668,-0.023442574224727175,-0.030846366515311807,-0.13760430686406455,-0.13760430686406455,0.13444100686048444,-0.06343770277255334,3.3287993142710124,3.3231922623408456,14.286700982689576,35.822642171771996
2018-09-12 00:00:00-04:00,2253929984.0,0.375327083466313,32.903203883409816,2.9417081832885748,0.060121217803411175,0.0047313408972238236,1.0,1.0,-0.1120853322669072,1.0,3.333519497554701,3.381575520344937,15.477351149191422,37.01329233827384
2018-09-13 00:00:00-04:00,2253929984.0,0.3885179166495223,33.11686224838034,2.899100875854492,-0.014483866100699183,0.031249978767450504,-0.6139305371038148,-0.6139305371038148,0.035144900979130256,0.006493542869794977,3.3642911356323153,3.3669857391044697,14.525613179173632,36.061554368256054
2018-09-14 00:00:00-04:00,2253929984.0,0.45172140307253006,37.65821861753645,2.876896476745605,-0.0076590639856027876,0.00643409402261641,-0.2835512732278045,-0.2835512732278045,0.16267843441573615,0.13713123952068296,3.370704619231017,3.3592971938592573,14.192164584218318,35.72810577330074
2018-09-17 00:00:00-04:00,2253929984.0,0.4585269538461624,34.911968367559155,2.888299751281738,0.003963741701624501,-0.009279881484507091,-0.024083985179086054,-0.024083985179086054,0.01506581429912801,-0.0729256547652638,3.3613814113957443,3.3632531006336706,14.16778583755832,35.703727026640735
2018-09-18 00:00:00-04:00,2253929984.0,0.4544317970921879,35.1052502829025,2.8402910232543945,-0.01662179557576704,-0.009783702186961452,0.03754482176755958,0.03754482176755958,-0.008931114560712272,0.0055362651944583785,3.3515495343178197,3.346491612894063,14.204643011451541,35.74058420053396
2018-09-19 00:00:00-04:00,2253929984.0,0.5109227330765611,34.196324487416874,2.8120855331420898,-0.009930492995744777,-0.02291379267005822,0.2421901470488581,0.2421901470488581,0.12431114271898802,-0.025891448947404583,3.3283691402616147,3.3365114836712255,14.421519080707457,35.95746026978988
2018-09-20 00:00:00-04:00,2252189952.0,0.4613977114352505,38.76143863033133,2.8246875762939454,0.004481386858021574,0.013339019870824309,0.45393050024548587,0.45280806715565514,-0.09693250747151494,0.13349721677235427,3.341619978710519,3.3409828590143325,14.795789659670518,36.330958551472264
2018-09-21 00:00:00-04:00,2252189952.0,0.4377954325246751,44.29924576291344,2.845691299438477,0.007435768585809077,-0.002547681827289816,-0.4170418730301666,-0.4170418730301666,-0.051153870783530175,0.14286897824913836,3.3390690460192642,3.348391118556002,14.256149741080092,35.79131863288183
2018-09-24 00:00:00-04:00,2252189952.0,0.46877193887048985,41.30671678827492,2.780880546569824,-0.022775046921442832,-0.012345523245179235,0.11430778142498554,0.11430778142498554,0.07075566359196506,-0.06755259425079918,3.3266466837349506,3.32535271391444,14.364383129367168,35.89955202116891
2018-09-25 00:00:00-04:00,2261750016.0,0.3556492530780246,40.84825846821828,2.788681411743164,0.002805178087553095,0.007111828435276912,0.3521631144226882,0.3579027572538094,-0.2413171020113435,-0.011098880659204835,3.333733342383394,3.328153964832501,14.666088746473047,36.20549344041734
2018-09-26 00:00:00-04:00,2261750016.0,0.2417966158730606,44.8435611358971,2.8012836456298826,0.004519065474331674,-0.0006419192198461321,-0.38902178556172573,-0.38902178556172573,-0.3201261811169509,0.09780839667344288,3.3330912170451934,3.332662849989277,14.173394770442991,35.71279946438729
2018-09-27 00:00:00-04:00,2129560064.0,0.1504130007761375,47.20367493949939,2.822287940979004,0.00749809658935785,0.002355743601974991,0.06753827868279383,0.005145073059294347,-0.3779358729524074,0.05262993713746411,3.3354441902332796,3.3401329755848614,14.238750094171603,35.71793134678346
2018-09-28 00:00:00-04:00,2129560064.0,0.16172541336949814,46.069919451825584,2.798283767700196,-0.008505217674735666,0.008117806976668751,-0.34737048922653746,-0.34737048922653746,0.0752090080976251,-0.024018373339087185,3.3435292250541195,3.3315913821435488,13.812004418634986,35.29118567124684
2018-10-01 00:00:00-04:00,2129560064.0,0.168243634612251,46.88892954031938,2.741273498535156,-0.02037329802756016,-0.015893330576902454,1.0,1.0,0.04030424846007663,0.017777545483885993,3.327508241134221,3.311007685904313,14.59322863997449,36.07240989258634
2018-10-02 00:00:00-04:00,2129560064.0,0.2541517598575315,31.024623678155436,2.783880615234375,0.015542818592156893,-0.013135226149689316,-0.23427521249712846,-0.23427521249712846,0.5106173879521321,-0.33833798335111,3.3142859849553563,3.326430952087823,14.326296180930244,35.805477433542094
2018-10-03 00:00:00-04:00,2129560064.0,0.2499094197230604,32.625272015927564,2.761676788330078,-0.007975854561718565,0.018764909251709927,0.01968078723148925,0.01968078723148925,-0.01669215329002327,0.051592836528075336,3.332877005269508,3.3184231202539,14.345785805551579,35.82496705816343
2018-10-04 00:00:00-04:00,2129560064.0,0.3840637873090762,33.627709286140544,2.751261329650879,0.02081508653138231,-0.029371236858045102,-0.24185006472872783,-0.24185006472872783,0.5368119686512027,0.030725790415589316,3.303065797212509,3.3390245328786485,14.06891169643918,35.54809294905103
2018-10-05 00:00:00-04:00,2129560064.0,0.41924473385946165,29.883397041264246,2.7299428939819337,-0.031647155035286256,0.005598969943000132,0.6620614715926731,0.6620614715926731,0.09160183207294548,-0.11134603945263355,3.3086491511850817,3.3068657840167948,14.576970378706307,36.05615163131816
2018-10-08 00:00:00-04:00,2129560064.0,0.418859643486978,32.70891369334933,2.7159345626831053,-0.005131364223665447,-0.0006679447568980201,1.0,1.0,-0.0009185335947778928,0.09455138745382574,3.3079809832537,3.3017212091318773,15.749377043817159,37.228558296429014
2018-10-09 00:00:00-04:00,2113049984.0,0.35419180576208886,34.78950361395766,2.7092348098754884,-0.002466831454509766,-0.010474544908407935,-0.29276192128625544,-0.29824500554201383,-0.1543902324571873,0.06360926382680132,3.297451194189554,3.2992513300356108,15.402989119043948,36.874387349810654
2018-10-10 00:00:00-04:00,2113049984.0,0.3106923977421048,37.41761008332387,2.736034774780273,0.00989207905017886,0.01734228980482766,-0.06509383816494252,-0.06509383816494252,-0.1228131405422821,0.07554308617130734,3.3146448227759633,3.3090948027540863,15.335680002640192,36.8070782334069
2018-10-11 00:00:00-04:00,2113049984.0,0.3382695852469537,30.226600523904793,2.7007078170776366,-0.012911735635916188,0.009519665254499765,-0.1450032801224579,-0.1450032801224579,0.08876041932554735,-0.19218249223843242,3.3241194615496514,3.296098986121048,15.179022356186922,36.65042058695363
2018-10-12 00:00:00-04:00,2113049984.0,0.32708699066968155,30.19681382701991,2.6355354309082033,-0.02413159459802461,-0.03662266151645077,0.013529757794316977,0.013529757794316977,-0.033058232442353064,-0.000985446473258822,3.2868093540493084,3.2716714539307876,15.192461404081012,36.66385963484772
2018-10-15 00:00:00-04:00,2113049984.0,0.4778241984698267,30.334696020197015,2.644062614440918,0.003235465337597887,-0.014568636148239555,-0.021853235086302658,-0.021853235086302658,0.4608474567928371,0.004566117272072345,3.2721335532190863,3.2749016964129565,15.170365850248784,36.64176408101549
2018-10-16 00:00:00-04:00,2113049984.0,0.5594563866019472,22.190798178783936,2.553306770324707,-0.03432439293250289,-0.0013865146035971776,0.022006088437129145,0.022006088437129145,0.17084146929673616,-0.2684680880266881,3.270746076514702,3.2399743847572355,15.192133299387434,36.66353153015414
2018-10-17 00:00:00-04:00,2127160064.0,0.6330715575293522,29.987520564892677,2.6239622116088865,0.02767213172555616,-0.008789939563091043,0.2387479490092137,0.24701979908029847,0.13158339540018904,0.3513493441422486,3.26191727755074,3.2672705629085055,15.40623445035425,36.88428807409592
2018-10-18 00:00:00-04:00,2127160064.0,0.7440130400360842,28.96939434235611,2.582543563842773,-0.015784772960094506,-0.013535723596711957,-0.3450981191286451,-0.3450981191286451,0.17524319516058529,-0.03395166400414307,3.2482891109105965,3.2513598837280027,14.98296459558979,36.461018219331464
2018-10-19 00:00:00-04:00,2126339968.0,0.6713284064185343,39.82708184650689,2.6373617172241213,0.02122641962321037,0.009226445741880696,-0.29681374074304556,-0.29708484410204117,-0.09769268777066686,0.37479856761367536,3.2574732530110437,3.272364160933272,14.630831122481895,36.10849913625343
2018-10-22 00:00:00-04:00,2126339968.0,0.3560965155946429,35.77101372206744,2.6477163314819334,0.003926125942523617,0.0246131857346652,0.4753307668480906,0.4753307668480906,-0.46956435599920465,-0.1018419612079915,3.281788414604691,3.2762825997571654,15.019713335844266,36.4973813496158
2018-10-23 00:00:00-04:00,2126339968.0,0.6687688387794737,50.88660696156492,2.771970748901367,0.04692890093323854,0.04392597368780926,0.3274946762244684,0.3274946762244684,0.8780549920930891,0.42256541447055906,3.324776995121857,3.322143621921642,15.303006799593131,36.78067481336466
2018-10-24 00:00:00-04:00,2203970048.0,0.8683909523198158,51.26857445505553,2.7658803939819334,-0.0021971209190599916,0.003725744777609785,-0.2916403072751921,-0.2657789584586503,0.29849194813660773,0.007506248034558682,3.328495816503602,3.3199440837911625,14.958203525867559,36.47172966417563
2018-10-25 00:00:00-04:00,2203970048.0,0.975658278615768,56.838947242180375,2.8121706008911134,0.01673615641872983,0.0008731773516155172,0.1511865271752999,0.1511865271752999,0.12352423296143145,0.10865082258154257,3.329368612857643,3.336541733982379,15.098996699102482,36.61252283741056
2018-10-26 00:00:00-04:00,2203970048.0,0.9992052901913075,56.156155873759495,2.790852737426757,-0.007580572621590287,0.004799404190765744,0.20910451069489078,0.20910451069489078,0.024134486522214837,-0.012012737771367021,3.3341565366262524,3.328932282783482,15.288876710915448,36.802402849223526
2018-10-29 00:00:00-04:00,2203970048.0,0.8503644017904524,54.25532978090319,2.762834930419922,-0.010039156359309853,0.006513336522897095,-0.3033754210683105,-0.3033754210683105,-0.14895926779206514,-0.0338489354066438,3.3406487530315037,3.3188423942696934,14.927368073382404,36.44089421169048
2018-10-30 00:00:00-04:00,2203970048.0,0.6003179883492252,45.15281829235814,2.668425369262696,-0.0341712637688697,-0.04443508970302357,-0.1769078947368421,-0.1769078947368421,-0.29404619115611075,-0.16777174750026036,3.295196168752499,3.284073642095845,14.732680902865436,36.24620704117351
2018-10-31 00:00:00-04:00,2203970048.0,0.5900313600094722,45.833329863178754,2.6434532165527345,-0.009358385285049842,-0.011963650940981063,-0.23203580848853012,-0.23203580848853012,-0.017135299190416675,0.015071297796172889,3.28316037738704,3.274671191990706,14.468668730307856,35.982194868615935
2018-11-01 00:00:00-04:00,2134640000.0,0.6743829577249012,54.63539106434982,2.6982707977294917,0.020737110395410596,0.003198363312978847,-0.10262281432139886,-0.13085151162772557,0.1429612109330507,0.1920449862021132,3.286353636815899,3.295196215546268,14.360389721855116,35.841953572997475
2018-11-02 00:00:00-04:00,2134640000.0,0.7256569585624807,50.42513164288999,2.650152969360352,-0.01783283887207676,-0.005921023354428123,0.02609603340292277,0.02609603340292277,0.07603098543675757,-0.07706102838178586,3.280415014699851,3.277202455613119,14.386151064031422,35.867714915173785
2018-11-05 00:00:00-05:00,2083619968.0,0.6751012861730318,60.365361912998154,2.6915708541870123,0.015628488357280368,0.020160192043966685,0.10042952413247419,0.0741281573750896,-0.06966883152281655,0.1971284941902527,3.3003746806883067,3.292710076833431,14.481851644103713,35.939224231306426
2018-11-06 00:00:00-05:00,2083619968.0,0.6368373868101993,53.379026608711236,2.665989112854004,-0.009504390825607723,-0.03211320862279099,0.2469313337784398,0.2469313337784398,-0.056678753464891596,-0.11573417408407172,3.2677345310868366,3.2831602310415504,14.702537244151904,36.15990983135462
2018-11-07 00:00:00-05:00,2083619968.0,0.4261571990900909,62.63742188134025,2.7506525039672853,0.031756840530622776,0.05034801831501534,-0.09567939371473289,-0.09567939371473289,-0.3308225805890048,0.1734463114229603,3.316856086354473,3.3144232506973834,14.601965915657871,36.059338502860584
2018-11-08 00:00:00-05:00,2083619968.0,0.42914833654092516,51.295361587917554,2.6556346893310545,-0.03454373625864615,-0.01965966467264979,0.26844598287484067,0.26844598287484067,0.007018859372130093,-0.18107482640184314,3.297000599695159,3.279268773480986,14.83975843134352,36.29713101854623
2018-11-09 00:00:00-05:00,2083619968.0,0.42825827606108047,43.514319458210615,2.542953109741211,-0.0424311295685883,-0.01329424933970702,0.7985996409335727,0.7985996409335727,-0.0020740159149138515,-0.151690949996924,3.28361719073418,3.2359111403105136,15.426766816205157,36.88413940340787
2018-11-12 00:00:00-05:00,2153260032.0,1.3009066729919019,25.05028985674882,2.3194169998168945,-0.0879041414755245,-0.11440972286642215,0.7607953524585256,0.8196457680426184,1.0,-0.424320771446142,3.162116314239745,3.1439009539104688,15.992532427982974,37.48278125260951
2018-11-13 00:00:00-05:00,2153260032.0,1.8360407365495175,23.56275362909429,2.256071281433105,-0.02731105203971096,-0.028623122986425886,-0.1134467120181406,-0.1134467120181406,0.41135469182188356,-0.059381996622037914,3.133075561111565,3.1162100225106255,15.872118383235167,37.3623672078617
2018-11-14 00:00:00-05:00,2153260032.0,2.0442766762393068,19.038395720314924,2.22378921508789,-0.014308974459667168,-0.001858284737077276,-0.46571348185282757,-0.46571348185282757,0.11341575137441029,-0.19201312291416062,3.1312155476213968,3.1017976875021827,15.245295350158694,36.735544174785225
2018-11-15 00:00:00-05:00,2153260032.0,2.294296805813663,17.913087723287717,2.1427806854248046,-0.03642815115455267,-0.032978495336136726,1.0,1.0,0.12230249089095824,-0.059107291053229205,3.0976810023808174,3.0646894642693003,16.084073402343883,37.574322226970416
2018-11-16 00:00:00-05:00,2137740032.0,2.22056984296343,17.720696645004764,2.1037988662719727,-0.01819216470354912,-0.04125415164969737,-0.23671822461331538,-0.24221971211503546,-0.032134884494199545,-0.010740252113700999,3.0555517457972923,3.046329787421592,15.813945385799231,37.296960433942246
2018-11-19 00:00:00-05:00,2137740032.0,1.8528482040993022,19.947553328360613,2.1086708068847657,0.0023157825070161397,0.0034419945534966967,-0.2998034564554388,-0.2998034564554388,-0.1655978712083157,0.12566417268835584,3.0589878302453535,3.0486428926368516,15.457551178942387,36.940566227085405
2018-11-20 00:00:00-05:00,2137740032.0,0.9642762543512324,19.921477828582752,2.0824796676635744,-0.012420686593506036,0.0005716556705512854,0.6502506920649669,0.6502506920649669,-0.479570829268239,-0.0013072029109849614,3.0595593225830457,3.036144424578389,15.958478389898815,37.44149343804183
2018-11-21 00:00:00-05:00,2137740032.0,0.8097549201582331,17.218071710107992,2.1068441390991213,0.011699740369077505,-0.010856813598034254,-0.49537227116496774,-0.49537227116496774,-0.160245918631442,-0.13570309099237565,3.0486431437148,3.047776252179693,15.274544097724469,36.75755914586749
2018-11-23 00:00:00-05:00,2136829952.0,0.6507764830380436,19.395610392879846,2.119635009765625,0.006071104373184921,0.02253041715673909,-0.13215398205402384,-0.13252344199404908,-0.19632907829584267,0.12646820848663998,3.0709235000377135,3.053829001650943,15.132803118985924,36.61539235586972
2018-11-26 00:00:00-05:00,2136829952.0,0.3670572133648161,15.785585663467415,2.123898506164551,0.00201142950521338,-0.02090405605666945,-0.28462754131733314,-0.28462754131733314,-0.4359703785679693,-0.1861258633416185,3.049797860769222,3.0558384109403898,14.797851168299928,36.280440405183725
2018-11-27 00:00:00-05:00,2136829952.0,0.16039733911850923,15.739356150280315,2.095880126953125,-0.013191957680700472,0.011252015076248956,0.6871606694874004,0.6871606694874004,-0.5630181528156178,-0.002928590308441281,3.0609870428166377,3.0425586664781963,15.32089820709602,36.80348744397982
2018-11-28 00:00:00-05:00,2136829952.0,0.16896968702650497,14.040388685555229,2.164098930358887,0.03254900055039611,0.004279988250478484,0.30080561042189125,0.30080561042189125,0.053444452103174056,-0.1079438986260457,3.065257897967836,3.074589169365334,15.583881979953087,37.06647121683689
2018-11-29 00:00:00-05:00,2136829952.0,0.21558874630414268,15.824966945651653,2.1610530853271483,-0.0014074426030205034,0.010511128088145583,-0.4470339344514016,-0.4470339344514016,0.27590190937812964,0.12710319493735955,3.075714168226081,3.0731807353846596,14.991423336322171,36.47401257320597
2018-11-30 00:00:00-05:00,2136829952.0,0.21500179294039318,17.669220398184308,2.123898506164551,-0.01719281188179278,-0.012369946033683021,0.12690136064916224,0.12690136064916224,-0.0027225603089757744,0.1165407459533061,3.063267077566564,3.0558384109403898,15.110895043724321,36.59348428060812
2018-12-03 00:00:00-05:00,2136829952.0,0.18738702076239558,33.28972004041751,2.164098930358887,0.01892765783188577,0.009678556517253467,-0.27787208410907893,-0.27787208410907893,-0.128439729735898,0.8840514346540362,3.0728990968899854,3.074589169365334,14.785342056766458,36.26793129365026
2018-12-04 00:00:00-05:00,2136829952.0,0.181349986682547,32.23354923674785,2.0855255126953125,-0.03630768287036856,-0.005921008200535205,0.33907109004739344,0.33907109004739344,-0.032216927593418876,-0.031726635201117515,3.0669604900180913,3.037605960945126,15.077318213961162,36.55990745084496
2018-12-06 00:00:00-05:00,2136829952.0,0.12687682103565467,37.53257015368112,2.1068441390991213,0.010222184420202396,-0.006806257062305754,0.44894954414179744,0.44894954414179744,-0.30037590100432465,0.1643945839787362,3.0601309647484842,3.047776252179693,15.448157055535257,36.93074629241905
2018-12-07 00:00:00-05:00,2136829952.0,0.2383738943945498,39.80720465731573,2.0526350021362303,-0.02573001768705596,-0.018560921808910558,-0.40057451049361004,-0.40057451049361004,0.8787820537177744,0.06060428300862086,3.0413956274505654,3.0217094276632555,14.936373455567203,36.418962692451004
2018-12-10 00:00:00-05:00,2141730048.0,0.272459216790719,48.337903282469696,2.0891801834106447,0.01780403298023292,0.005528073287291768,0.3113284433577832,0.3143355311487277,0.1429910036195159,0.21430036845318168,3.0469084770201698,3.039356825276647,15.207414157848675,36.692293930867244
2018-12-11 00:00:00-05:00,2141730048.0,0.23818866230274635,43.66206839865195,2.048371315002441,-0.019533436480132504,0.0066551183724343765,0.2609571162212554,0.2609571162212554,-0.12578232768795083,-0.0967322652886663,3.0535415478575745,3.0196300898908683,15.439285206498427,36.924164979516995
2018-12-12 00:00:00-05:00,2141730048.0,0.24107867924483115,50.866399899235546,2.0910076141357425,0.02081473159725955,-0.004311665734860526,-0.22367020227908996,-0.22367020227908996,0.012133310268191755,0.16500206620550362,3.0492205600866904,3.0402311548187724,15.186107354476865,36.67098712749543
2018-12-13 00:00:00-05:00,2141730048.0,0.22184267326336385,45.97274353851283,2.0672531127929688,-0.011360313172552483,-0.012413298254203453,-0.18421921426213272,-0.18421921426213272,-0.07979140271434737,-0.09620606865075698,3.0367295732619524,3.028805820378183,14.982497749438238,36.46737752245681
2018-12-14 00:00:00-05:00,2141730048.0,0.3559471056833308,40.13766920463142,2.014871597290039,-0.025338704379629373,-0.02893880974457841,-0.17155931886810072,-0.17155931886810072,0.6045024180751866,-0.1269246489279714,3.0073637783563782,3.003140562933007,14.79428770684987,36.279167479868434
2018-12-17 00:00:00-05:00,2345789952.0,0.3830931873700837,38.06886211415943,1.9929439544677732,-0.010882898370178085,0.003913047906949574,-0.0656846535397565,0.023335108816588734,0.07626436977100592,-0.0515427809204545,3.011269190205059,2.9921980126390157,14.726346439155465,36.302234487797854
2018-12-18 00:00:00-05:00,2345789952.0,0.48270337493760523,37.81707311178584,1.9612716674804687,-0.01589221157790288,-0.01559188152848745,0.1287001287001286,0.1287001287001286,0.26001555457391623,-0.006614040672362043,2.9955544768325044,2.9761781657893134,14.847413081160001,36.42330112980239
2018-12-19 00:00:00-05:00,2345789952.0,0.5712878690983392,27.76446446940001,1.9387351989746093,-0.011490742909069152,-0.015230005496789878,0.4077465792474344,0.4077465792474344,0.18351745349239468,-0.2658219638698822,2.980207303636622,2.964620894159968,15.189403336366421,36.76529138500881
2018-12-20 00:00:00-05:00,2306880000.0,0.5121160903572723,29.717008653625356,1.95152587890625,0.006597435244589223,0.009279137220826739,0.0519401625028475,0.03449148121961487,-0.10357611624846397,0.07032529607683591,2.989443654142538,2.971196661577831,15.24003956931408,36.799201368494565
2018-12-21 00:00:00-05:00,2306880000.0,0.4557252956897163,29.370666633575837,1.908280563354492,-0.02215974485359906,-0.02145258783342785,0.2090281286845208,0.2090281286845208,-0.11011330385697427,-0.011654673055636389,2.967757614748659,2.9487877009932455,15.429856406750957,36.989018205931444
2018-12-24 00:00:00-05:00,2289890048.0,0.3615832291342111,25.092666711051777,1.918634986877441,0.005426048832540387,-0.003131925083081022,-0.49580066074911433,-0.4995140409736185,-0.20657634642164457,-0.14565552685254868,2.9646207749237967,2.954199081858302,14.745072832031669,36.29684247141772
2018-12-26 00:00:00-05:00,2289890048.0,0.3901168775987067,33.472801154409254,1.9411712646484371,0.01174599542129351,-0.010053460780674484,0.2032446514565407,0.2032446514565407,0.07891308602121216,0.3339674710486846,2.9545164368236403,2.9658766285529388,14.930094616142082,36.48186425552814
2018-12-27 00:00:00-05:00,2289890048.0,0.3016519728833692,32.1821128365865,1.9541784286499024,0.04167955990020178,0.006204307481047389,0.1539546632549289,0.1539546632549289,-0.22676513064460857,-0.03855931602105367,2.9607015768287823,3.006711000500787,15.073289496848737,36.62505913623479
2018-12-28 00:00:00-05:00,2289890048.0,0.391438714011737,46.4610547720808,2.0213924407958985,-0.00033924888584158097,0.0522076896853787,0.3209574710029566,0.3209574710029566,0.29765010409225123,0.44369187343290806,3.011592095314118,3.0063716940570244,15.351646327323325,36.903415966709375
2018-12-31 00:00:00-05:00,2289890048.0,0.4078461626434838,38.006169563201524,1.9828065872192382,-0.019088749318498244,-0.020214559754940575,0.5082210648646321,0.5082210648646321,0.04191575346135745,-0.18197790063862163,2.991170425500611,2.9870984023331792,15.76257718090295,37.314346820289
2019-01-02 00:00:00-05:00,2283389952.0,0.3984276039244675,39.88543019872556,1.9628915786743164,-0.010043848287215607,-0.023757348497021935,-0.45364649477033714,-0.4551973771967799,-0.023093410167130624,0.04944619931769134,2.967126320374363,2.977003774299586,15.158088113638891,36.70701511038025
2019-01-03 00:00:00-05:00,2283389952.0,0.3967338177687954,33.89716601239972,1.9672483444213866,0.0022195651529630656,0.002561808063910709,0.2637310977043015,0.2637310977043015,-0.0042511767231701025,-0.15013663276263667,2.969684852601513,2.9792208798566318,15.392156647573383,36.941083644314745
2019-01-04 00:00:00-05:00,2283389952.0,0.41964563610910693,48.418409877370316,2.053132438659668,0.043656966077428194,0.028105874715770085,-0.24822782978899294,-0.24822782978899294,0.057751109973851245,0.428391089085697,2.9974030052999283,3.0219517387697876,15.106834681492938,36.6557616782343
2019-01-07 00:00:00-05:00,2283389952.0,0.3659965873887351,45.629973351973774,1.9734710693359372,-0.038799917542453155,-0.008077201935947853,0.10295249615130864,0.10295249615130864,-0.12784369502277682,-0.057590419273553906,2.9892930060419727,2.982379049436006,15.204825352977663,36.75375234971902
2019-01-08 00:00:00-05:00,2283389952.0,0.3072710476644481,49.914795291786135,1.9921422958374024,0.009461109813861057,0.0021926788822814736,-0.15054460257720392,-0.15054460257720392,-0.16045379041174757,0.09390366956300267,2.991483284512162,2.9917956832585046,15.04166550922386,36.59059250596522
2019-01-09 00:00:00-05:00,2283389952.0,0.23068496218438792,51.898387324552246,1.9784502029418944,-0.006873049643149276,-0.002500276926323486,0.25741615562923625,0.25741615562923625,-0.24924601931157264,0.03973956060864636,2.9889798766736306,2.9848989054237967,15.270724454548763,36.81965145129012
2019-01-10 00:00:00-05:00,2277949952.0,0.23647653958494225,56.98511802258809,2.00209903717041,0.011953211758046978,0.005012441311860849,0.015401129416157122,0.012982014740109182,0.025106003207634675,0.09801327093702183,2.993979797522832,2.9967812417796074,15.286008190366239,36.83254992194704
2019-01-11 00:00:00-05:00,2274530048.0,0.2041266638369584,58.81867452756885,2.03508415222168,0.016475266427323332,0.00841656024881976,-0.36480213264696415,-0.3657557601511352,-0.13679951425525572,0.03217605874316121,3.0023611360211024,3.0131222634767014,14.832189463869698,36.37722875957233
2019-01-14 00:00:00-05:00,2274530048.0,0.14070496537545457,60.85622847755083,2.0077009201049805,-0.013455577297285526,0.005255242222872658,-0.14240231548480464,-0.14240231548480464,-0.31069776612897815,0.03464127619922741,3.0076026176476884,2.9995753395594176,14.678569275241493,36.22360857094413
2019-01-15 00:00:00-05:00,2274530048.0,0.14425803701716844,59.70146783267089,2.0058334350585936,-0.0009301609755147933,-0.007380378230016471,0.8320114748565643,0.8320114748565643,0.02525192790626063,-0.018975225277161445,3.0001948696770864,2.998644745715737,15.283983805041808,36.82902310074444
2019-01-16 00:00:00-05:00,2274530048.0,0.13308526299933932,56.503035793687076,1.9977428436279296,-0.004033531044629224,-0.006195681277541332,-0.3929212913922535,-0.3929212913922535,-0.07744992410023877,-0.05357375882194837,2.9939799155193128,2.9946030580440364,14.784886976930018,36.329926272632655
2019-01-17 00:00:00-05:00,2270210048.0,0.1367762359921476,59.02959370762493,2.0375732421875,0.019937700533687153,0.01153353772208221,0.2465956074801805,0.2442279566201493,0.02773389712448182,0.044715436585800905,3.005447449018529,3.014344605566735,15.005303298716376,36.548441495033856
2019-01-18 00:00:00-05:00,2270210048.0,0.12467142535253563,53.230770101225744,2.047531318664551,0.004887223816484765,0.004006436273292779,0.6035175267770205,0.6035175267770205,-0.08850083168180567,-0.09823587191063698,3.009445880898288,3.0192199256732124,15.477502969133264,37.02064116545074
2019-01-22 00:00:00-05:00,2270210048.0,0.19704830387230612,54.3170846471904,2.017035865783692,-0.014893766265196118,0.015653620939394486,-0.1077460245170595,-0.1077460245170595,0.580541036689916,0.020407642870822196,3.024978247654437,3.0042141335550236,15.363498508082152,36.90663670439963
2019-01-23 00:00:00-05:00,2270210048.0,0.19558260089453883,56.8143926527018,2.014546585083008,-0.001234128129752765,-0.021154364911964763,-0.0204806465333901,-0.0204806465333901,-0.0074382927889453665,0.04597647354846712,3.003596922660345,3.0029792432620144,15.342805224805605,36.88594342112308
2019-01-24 00:00:00-05:00,2270210048.0,0.22542562089483317,49.0592473268981,1.959156990051269,-0.027494819649185098,-0.012040982414516788,0.022255031808411374,0.022255031808411374,0.15258524972978638,-0.1364996608026734,2.991482860389113,2.9750993665971754,15.364816227343619,36.907954423661096
2019-01-25 00:00:00-05:00,2270210048.0,0.32584395412922296,35.89290757008915,1.9548006057739251,-0.002223601426259436,-0.0181249750166389,-0.2624994690115118,-0.2624994690115118,0.4454610475764753,-0.26837630975210947,2.9731916158614045,2.972873289298348,15.06032775655959,36.603465952877066
2019-01-28 00:00:00-05:00,2299350016.0,0.4550233840619729,52.95321212181742,1.9915197372436524,0.01878408025927003,-0.014958362916649759,0.5343144313567376,0.5540085884991843,0.3964456860277361,0.4753112998275246,2.958120248308566,2.991483127326978,15.488411413309013,37.044303731512
2019-01-29 00:00:00-05:00,2299350016.0,0.48692067292750424,60.84736227791722,2.07180290222168,0.040312512839638215,0.06300485350965501,-0.16127336887153687,-0.16127336887153687,0.07010032886834461,0.1490778338042935,3.0192199135184,3.0310042884562827,15.312540960678831,36.86843327888182
2019-01-30 00:00:00-05:00,2299350016.0,0.689558497466133,69.97115795313928,2.1514631271362306,0.03844971200162317,0.04103315053014622,-0.08031957747739682,-0.08031957747739682,0.41616188386562647,0.14994562350212637,3.059433547533864,3.0687332279313995,15.228811924570692,36.78470424277368
2019-01-31 00:00:00-05:00,2125330048.0,0.9463917519370492,71.3305093438848,2.1956499099731444,0.020538015399655052,0.027153296540538552,-0.14393478525368053,-0.20872372136146955,0.3724604299920622,0.01942731020195332,3.0862247336902846,3.0890631822443386,15.073403204279641,36.55059614824793
2019-02-01 00:00:00-05:00,2125330048.0,1.1448275082643347,69.97119762148085,2.208097648620605,0.0056692729523590835,0.010517627363033855,-0.06043206367254117,-0.06043206367254117,0.20967612610859354,-0.01905652623130305,3.09668743559862,3.094716445349754,15.011068052688863,36.48826099665715
2019-02-04 00:00:00-05:00,2125330048.0,1.183445124613247,71.30287954790913,2.188804244995117,-0.008737568122288764,-0.008439009854787849,-0.5076843952320446,-0.5076843952320446,0.03373225754110343,0.019031858417404734,3.088212615690247,3.085940480854888,14.302432757648706,35.779625701616986
2019-02-05 00:00:00-05:00,2125330048.0,1.1195739095794472,74.63851404140972,2.2392147064208983,0.02303105064833888,0.022127643007670672,0.32495544767406126,0.32495544767406126,-0.05397057599495625,0.046781203152662876,3.1100989949838223,3.108710319903669,14.583811592124643,36.06100453609292
2019-02-06 00:00:00-05:00,2125330048.0,0.6648828539322634,71.0888034205409,2.2074750900268554,-0.014174440844386349,-0.010546636413375277,-0.3407077593803627,-0.3407077593803627,-0.4061286635537821,-0.047558698970071034,3.099496348641651,3.094434462180311,14.16722321007319,35.64441615404147
2019-02-07 00:00:00-05:00,2125330048.0,0.3858894582335186,68.57137734353462,2.2074750900268554,0.0,0.011500696489858075,0.6419978895532887,0.6419978895532887,-0.4196128596920744,-0.03541241314914123,3.1109314148383653,3.094434462180311,14.663136935812279,36.14032987978056
2019-02-08 00:00:00-05:00,2128659968.0,0.2562170048146864,64.97998326837923,2.1875600814819336,-0.00902162322686939,-0.02911814516365896,-0.24206332205132597,-0.2408758036680001,-0.3360352314687014,-0.05237453605697495,3.0813809230437204,3.085371897686812,14.385981500656705,35.864739996338834
2019-02-11 00:00:00-05:00,2128659968.0,0.23988050974370925,70.60437374573792,2.2037410736083984,0.007396821812319487,0.012282213716869883,-0.16262506359165674,-0.16262506359165674,-0.06376038578232857,0.08655573908243297,3.093588322341893,3.0927414971693974,14.208498144561325,35.687256640243454
2019-02-12 00:00:00-05:00,2151500032.0,0.26440404039631116,71.50604258376895,2.211831283569336,0.0036711254592585174,-0.009593865723839134,0.1663291481031457,0.17884360921398734,0.10223227672311963,0.012770722126622669,3.0839481390069334,3.0964059004944295,14.362359480906921,35.851790606023194
2019-02-13 00:00:00-05:00,2151500032.0,0.33617363770789205,82.71429809836785,2.2441938400268553,0.01463156647522168,0.03931642790574208,0.46324806111818506,0.46324806111818506,0.2714391096444917,0.15674557155737556,3.122511355196588,3.110931458397474,14.743018145043594,36.23244927015987
2019-02-14 00:00:00-05:00,2151500032.0,0.3615477220597411,84.16665425159466,2.260997009277344,0.007487396565658333,-0.0043860958165298225,-0.035479787991456346,-0.035479787991456346,0.0754791021831911,0.017558707341016166,3.118115612242621,3.1183909635456795,14.706893654132244,36.19632477924851
2019-02-15 00:00:00-05:00,2178729984.0,0.41671788073609817,83.7142600704455,2.285268783569336,0.010734987349562797,0.008259965655013746,-0.36756202583555464,-0.35955772398877917,0.15259440264773927,-0.005374981162930004,3.1263416510762116,3.1290687399932238,14.248720526380998,35.750728494218194
2019-02-19 00:00:00-05:00,2132649984.0,0.4406602904424663,79.06568587579487,2.2809122085571287,-0.0019063731336681489,-0.003823094262701665,0.12138503436648951,0.09766781251564827,0.05745472131907525,-0.05552906029078997,3.122511230108889,3.1271605474175685,14.363285085508467,35.84391625283899
2019-02-20 00:00:00-05:00,2132649984.0,0.40941988741345336,76.77540532877484,2.325098991394043,0.019372417172016432,0.01096495517811058,-0.017289233260090242,-0.017289233260090242,-0.07089452738671886,-0.028966808061563598,3.133416506023295,3.1463477080706674,14.345844648118307,35.82647581544882
2019-02-21 00:00:00-05:00,2132649984.0,0.36450274136629196,66.59918852520039,2.2977155685424804,-0.01177731483817146,-0.00542296144173815,-0.19376287143277438,-0.19376287143277438,-0.10970924331724452,-0.13254526967323588,3.127978786948593,3.1345004912798315,14.130467272550936,35.61109843988145
2019-02-22 00:00:00-05:00,2132649984.0,0.1892804680245924,70.53564196695763,2.351237678527832,0.02329361854796619,0.014994519629279335,0.7189461392497445,0.7189461392497445,-0.4807159273614823,0.05910662770714881,3.1428620000477467,3.1575269542212148,14.672178665854457,36.152809833184975
2019-02-25 00:00:00-05:00,2132649984.0,0.30268707200792616,74.81208205251103,2.353104782104492,0.0007940939334678543,0.013429983444615878,0.5670615208253726,0.5670615208253726,0.5991458345749618,0.06062807350015609,3.1562026006488293,3.1583207330289103,15.12138088871637,36.60201205604689
2019-02-26 00:00:00-05:00,2132649984.0,0.27980425547469395,69.06332440612717,2.3481264114379883,-0.002115660426328825,-0.01113144880835959,-0.343032864612967,-0.343032864612967,-0.07559892261481516,-0.07684263675951142,3.1450087336285155,3.1562028314314654,14.701259604725731,36.18189077205625
2019-02-27 00:00:00-05:00,2087840000.0,0.2795203904743484,69.51751615045264,2.3182531356811524,-0.012722175267617541,0.004556150837171868,0.19106730451996046,0.1660413006004806,-0.0010145128059756425,0.006576453540733107,3.149554536629426,3.143399036298318,14.876109404434168,36.33550528011238
2019-02-28 00:00:00-05:00,2087840000.0,0.2590760661708117,62.52467068973962,2.2865135192871096,-0.013691178027768425,-0.02267866996563861,-0.025864755375506365,-0.025864755375506365,-0.07314072604450261,-0.10059112937203929,3.126614750226496,3.129613269748174,14.849904274305732,36.30930014998394
2019-03-01 00:00:00-05:00,2104809984.0,0.2570744069821714,73.48988629538522,2.3618173599243164,0.03293391445185301,0.022112765956254332,-0.24774294447998868,-0.24162859175369655,-0.007726144750555997,0.17537422404121528,3.148486574430218,3.1620164834460542,14.565227090012113,36.03271812113478
2019-03-04 00:00:00-05:00,2104809984.0,0.2886525183029253,69.94895543356665,2.349992370605469,-0.005006733170606625,0.0186965189988908,-0.24971649971649967,-0.24971649971649967,0.1228364647086162,-0.04818256008161659,3.167010461936949,3.156997174593979,14.277922946514188,35.74541397763685
2019-03-05 00:00:00-05:00,2104809984.0,0.29858447459563886,72.60062888904496,2.393558120727539,0.01853867725998004,-0.007603082661143845,1.0,1.0,0.03440800153453183,0.03790869268943853,3.159378328498847,3.1753661052852014,14.983493424557055,36.450984455679716
2019-03-06 00:00:00-05:00,2104809984.0,0.5893283112049384,76.8929126278463,2.500601959228516,0.0447216374543018,0.047556040492087615,0.4781215985072307,0.4781215985072307,0.9737406373959747,0.05912185341205811,3.2058381991584235,3.2191165795758665,15.374265516031244,36.841756547153906
2019-03-07 00:00:00-05:00,2104809984.0,0.931212251499455,74.14240713479094,2.488776969909668,-0.004728857095871564,0.03354327724282968,-0.299795914073513,-0.299795914073513,0.580124751847577,-0.03577059834327667,3.238831172870194,3.2143765060607463,15.017882080923236,36.4853731120459
2019-03-08 00:00:00-05:00,2104809984.0,0.9730270077740912,72.73983550970041,2.488776969909668,0.0,-0.02415807405632553,-0.38467548076923075,-0.38467548076923075,0.04490357188418148,-0.018917265830615038,3.2143765060607463,3.2143765060607463,14.532276604122853,35.99976763524552
2019-03-11 00:00:00-04:00,2134569984.0,0.8145082988124525,74.18027484735936,2.501224136352539,0.0050013185566093465,-0.006251419482284137,0.23097958785037598,0.24838446183563123,-0.16291295893653368,0.019802620222681755,3.2081054646362848,3.2193653595675507,14.740086869425202,36.22161792011958
2019-03-12 00:00:00-04:00,2134569984.0,0.7038122487024119,71.62159363822147,2.5043361663818358,0.0012442027821764068,0.013336693868811977,-0.1708981275785465,-0.1708981275785465,-0.13590536802563546,-0.03449274371661315,3.221354007698713,3.2206087889708725,14.552674623940995,36.03420567463537
2019-03-13 00:00:00-04:00,2115810048.0,0.5937330618937651,67.85200485475843,2.453925514221192,-0.020129347184837054,-0.012912939463890605,0.2811004784688995,0.2698413662515482,-0.15640419303812203,-0.05263201489908431,3.2083569714901294,3.2002740860190095,14.800394081304042,36.27309765884081
2019-03-14 00:00:00-04:00,2115810048.0,0.28768379787112197,64.1269560200444,2.462016296386719,0.0032970773231046913,0.004025221709878624,0.0888888888888888,0.0888888888888888,-0.5154660969131,-0.0548996133966525,3.212374113669113,3.203565739900412,14.885551889644347,36.35825546718112
2019-03-15 00:00:00-04:00,2115810048.0,0.26899798474111386,70.1057579032629,2.542299270629883,0.03260862828608735,0.008519178870943334,0.42785114045618244,0.42785114045618244,-0.06495260862198116,0.09323383260776752,3.2208572091249517,3.2356539892131737,15.241722504749998,36.71442608228677
2019-03-18 00:00:00-04:00,2291549952.0,0.40014592278054284,73.7348166178278,2.5933320999145506,0.020073494050928176,0.033291991411238175,-0.25294866559369666,-0.19089832704098197,0.48754245562711906,0.05176548721679253,3.2536070228358835,3.2555286669047674,14.95010112929762,36.50259538979521
2019-03-19 00:00:00-04:00,2314319872.0,0.5946663886685851,76.69161728390335,2.583374214172364,-0.00383980352632618,0.013224198228504402,0.1304222000707418,0.14165460765556004,0.48612382337011995,0.04010046816012092,3.2667445446693306,3.2516814724068954,15.072692320621353,36.63507401014804
2019-03-20 00:00:00-04:00,2314319872.0,0.6661342106914062,83.45568517280506,2.626315689086914,0.016622243374178503,0.0018981651432934399,-0.16447162565780116,-0.16447162565780116,0.12018137124385375,0.08819826896937011,3.2686409105736436,3.268167078361658,14.893001350010273,36.45538303953696
2019-03-21 00:00:00-04:00,2314319872.0,0.6928500622569667,79.34558409086384,2.619611930847168,0.02311079433918173,-0.003987770048423767,-0.17573962482552008,-0.17573962482552008,0.040105809214979526,-0.04924890465437748,3.2646451681685655,3.2910148628286207,14.699732540312924,36.26211422983961
2019-03-22 00:00:00-04:00,2314319872.0,0.5840022068977198,72.14632749958058,2.563956642150879,-0.04579633133876404,-0.009666455008473407,-0.12068894304241873,-0.12068894304241873,-0.1571016029134411,-0.09073292072611017,3.254931689705097,3.244136721671923,14.57111597236383,36.133497661890516
2019-03-25 00:00:00-04:00,2314319872.0,0.47853787464772596,67.16246682985175,2.5494104385375977,-0.005673342276598992,-0.023914039269638976,-0.22504579829959137,-0.22504579829959137,-0.18058892758339262,-0.06907989418806937,3.2307270677765327,3.2384472248599163,14.316164626408769,35.87854631593546
2019-03-26 00:00:00-04:00,2314319872.0,0.3359202902942126,60.88271073331378,2.583562660217285,0.013396125301533557,0.020750063979240396,-0.3689538125833435,-0.3689538125833435,-0.29802778820485376,-0.09350097447205152,3.2512647816727367,3.2517544154482314,13.855788404462844,35.41817009398953
2019-03-27 00:00:00-04:00,2314319872.0,0.35756315845146514,61.9829700432118,2.5785036087036133,-0.001958168691463591,-0.007837293911779564,0.5758332532897896,0.5758332532897896,0.06442858256134754,0.018071785842741495,3.2433966147600457,3.2497943270379572,14.310572586550787,35.87295427607747
2019-03-28 00:00:00-04:00,2324450048.0,0.3316142650531252,64.66870728491254,2.606963348388672,0.011037308456344208,0.013823543313790765,0.048457881262952585,0.05304716167932044,-0.07257149620984282,0.04333024441759359,3.2571254843851296,3.2607711689239407,14.357892986634482,35.92464229614595
2019-03-29 00:00:00-04:00,2324450048.0,0.32460722497187655,66.27407416111609,2.63858642578125,0.012130234746922763,0.010226691797685206,0.008778559386082296,0.008778559386082296,-0.021130092458857552,0.024824477612189533,3.267300237378206,3.2728284219706936,14.366633238494801,35.933382548006264
2019-04-01 00:00:00-04:00,2282909952.0,0.3266324115665744,60.28922022296455,2.598741912841797,-0.01510070413087028,-0.0021692089194876862,-0.18528123559243892,-0.19984102177309315,0.006238883299265252,-0.09030460272597718,3.2651286723171244,3.257612541237701,14.161720938855124,35.710437699732935
2019-04-02 00:00:00-04:00,2282909952.0,0.37618718403117,69.34610599254195,2.620245170593262,0.0082744876069476,0.006521622442694497,0.09422083893329569,0.09422083893329569,0.15171419219214655,0.15022396601055354,3.271629120988547,3.2658529829513516,14.251763486224757,35.80048024710256
2019-04-03 00:00:00-04:00,2282909952.0,0.28276411661304107,58.56994765958974,2.546880531311035,-0.02799915065414116,-0.024718114782336542,0.8057405132846338,0.8057405132846338,-0.24834197278338999,-0.1553967332226437,3.246600384262892,3.2374543822418835,14.842734250544732,36.39145101142254
2019-04-04 00:00:00-04:00,2282909952.0,0.29569520067143007,55.807330168219,2.596211624145508,0.019369221378075174,0.0004921317586490392,-0.25840403823434643,-0.25840403823434643,0.04573099378124068,-0.047167832681482835,3.247092394964423,3.256638407829822,14.543783540499593,36.092500301377406
2019-04-05 00:00:00-04:00,2109910016.0,0.3061025140034403,48.13778674305787,2.577238273620605,-0.007308090892300667,-0.0056566022669293226,-0.4061308230750664,-0.45113449459981436,0.03519608471283453,-0.1374289614293135,3.2414197335340567,3.2493034820199975,14.022687315756405,35.49259845283591
2019-04-08 00:00:00-04:00,2120679936.0,0.31847277269273727,49.05272541878564,2.5753402709960938,-0.0007364482531314609,0.006183243195126087,-0.09234270850268245,-0.08770962162091345,0.04041214339441179,0.019006662699541543,3.2475839389176193,3.248566762455639,13.925798911858397,35.40080151059591
2019-04-09 00:00:00-04:00,2120679936.0,0.2967021000655451,41.653442992367104,2.560162162780762,-0.005893632148834982,-0.001966293555407561,0.06555615260612568,0.06555615260612568,-0.06835960400356278,-0.15084345188259096,3.2456157096691953,3.2426556943155522,13.989295783735942,35.46429838247346
2019-04-10 00:00:00-04:00,2105810048.0,0.26817435370739284,42.23303837255432,2.5588970184326167,-0.0004941657081481976,-0.0034483439602500665,1.0,1.0,-0.09614945884053439,0.013914705209205014,3.242161406467291,3.242161406467291,15.045180348377396,36.51314639933619
2019-04-11 00:00:00-04:00,2105810048.0,0.09080433866060109,45.95071591005025,2.534864044189453,-0.00939192709595027,-0.003954521994873228,0.5602760153211894,0.5602760153211894,-0.6613981262366407,0.08802770723481523,3.2381990446750537,3.232725097115522,15.490043086886262,36.95800913784505
2019-04-12 00:00:00-04:00,2105810048.0,0.14008537282869324,52.66670252126525,2.569649124145508,0.013722660998640723,-0.005955158762776636,-0.23996027209864512,-0.23996027209864512,0.5427167346297144,0.14615629981395117,3.2322260832406546,3.246354455010596,15.2156585133727,36.683624564331495
2019-04-15 00:00:00-04:00,2105810048.0,0.16095335323926238,51.453026349908924,2.5943145751953125,0.00959876226603762,0.019221137557890122,-0.5890823018886533,-0.5890823018886533,0.1489661624849874,-0.02304446857796494,3.251264828223496,3.255907441849955,14.326296180930244,35.794262231889036
2019-04-16 00:00:00-04:00,2121789952.0,0.1919848052594016,50.41867593734824,2.581665229797364,-0.004875794754765295,0.0024490354594199903,-0.18294731789271568,-0.17674712740762555,0.1927977975954931,-0.02010280999851266,3.2537108696828536,3.251019721628066,14.124244477112667,35.59977036348905
2019-04-17 00:00:00-04:00,2121789952.0,0.19580202010562295,42.88112347347281,2.5532052993774412,-0.01102386556221191,-0.004397597554318455,0.366600572813395,0.366600572813395,0.01988290084240618,-0.1494992147997265,3.2493035742544016,3.239934642974236,14.436570799629319,35.912096686005704
2019-04-18 00:00:00-04:00,2307059968.0,0.1985549729609752,33.993376181625024,2.515890693664551,-0.014614808187178974,-0.008343553010505933,1.0,1.0,0.01405987973907119,-0.2072647956004684,3.24092501897397,3.2252119863990534,15.158218690921242,36.717458500652945
2019-04-22 00:00:00-04:00,2307059968.0,0.27434028384472464,37.184008222128135,2.508932876586914,-0.0027655482391018005,-0.016332906981784023,-0.6720896223951534,-0.6720896223951534,0.3816842749068017,0.09386040455221956,3.2244572596974894,3.2224426069662226,14.043203743977056,35.60244355370876
2019-04-23 00:00:00-04:00,2307059968.0,0.2927788605492016,34.339696076858246,2.51525821685791,0.0025211277392167553,0.006289582558324902,0.17703273074779013,0.17703273074779013,0.06721060591638484,-0.07649288716479052,3.230727145378383,3.2249605619943216,14.206200380490284,35.76544019022199
2019-04-24 00:00:00-04:00,2307059968.0,0.3951485349325154,39.651430722743164,2.486797332763672,-0.01131529315896318,-0.01825019956655216,-0.12050067658998642,-0.12050067658998642,0.3496484486321394,0.15468205175713634,3.212308356577999,3.2135807638488805,14.07779789639611,35.63703770612781
2019-04-25 00:00:00-04:00,2307059968.0,0.6074596449835802,21.268086245356812,2.41849308013916,-0.027466754819381545,-0.028520338830801628,0.8915301177013617,0.8915301177013617,0.5372944381214115,-0.46362373670522006,3.183373410701873,3.185729745050742,14.715183984014992,36.2744237937467
2019-04-26 00:00:00-04:00,2307059968.0,0.6477902017054052,31.06801688139285,2.453910064697266,0.014644236466480942,0.0010483669216696523,-0.5198470798763625,-0.5198470798763625,0.06639215798921949,0.46078102763832507,3.184421228470717,3.2002677901585725,13.981533341788726,35.54077315152043
2019-04-29 00:00:00-04:00,2307059968.0,0.5572160454571881,31.915035104543648,2.457072448730469,0.001288712279515991,0.017020276170043758,0.4191936303574453,0.4191936303574453,-0.13982020106165094,0.027263350164396627,3.20129828257541,3.201555672761152,14.331622186159501,35.89086199589121
2019-04-30 00:00:00-04:00,2135529984.0,0.45938352008103334,37.878744608129914,2.479207801818848,0.009008832075674489,-0.005149583096971555,0.38084153983885405,0.2781759262352228,-0.1755737764081874,0.1868620693679648,3.196135394679636,3.2105241673903246,14.654315310946583,36.13629599983368
2019-05-01 00:00:00-04:00,2135529984.0,0.4062302550390209,30.816696476160132,2.4014169692993166,-0.03137729417536561,0.0031058157313925694,-0.15097683264177042,-0.15097683264177042,-0.1157056418406921,-0.18643828366091242,3.199236397328473,3.178644060002863,14.490646505722367,35.972627194609466
2019-05-02 00:00:00-04:00,2135529984.0,0.36260742954219716,30.395133295383857,2.371691131591797,-0.012378457422241418,-0.03199191808313395,0.026930713231176462,0.026930713231176462,-0.10738448196733519,-0.013679700583818177,3.166721554675731,3.166188351313548,14.517220969184708,35.999201658071804
2019-05-03 00:00:00-04:00,2135529984.0,0.3286497724273386,31.334302125797038,2.4121681213378903,0.0170667205383217,0.004530937270070146,-0.33095379734285146,-0.33095379734285146,-0.09364854205478113,0.030898658061019768,3.1712422581503414,3.183111071477128,14.115318810213896,35.59729949910099
2019-05-06 00:00:00-04:00,2104220032.0,0.38952303935861693,26.234579536247026,2.399519157409668,-0.005243815228437199,-0.007959607817233816,-0.3307646710136337,-0.34057662691416357,0.18522230057145972,-0.16275207180540618,3.1632508035503006,3.177853459195682,13.713699291817589,35.18090999611834
2019-05-07 00:00:00-04:00,2127449984.0,0.4183181833536141,25.22261672248581,2.3704269409179686,-0.012124185965285195,0.002942179773780307,0.9133082373782109,0.9344305809732651,0.07392410996384413,-0.03857362426422872,3.166188663584064,3.165655175764375,14.362533097042084,35.84072300589434
2019-05-08 00:00:00-04:00,2127449984.0,0.49919098180225985,25.260062144254633,2.3425989151000977,-0.011739668216517285,-0.028000088104117915,0.2535154215612523,0.2535154215612523,0.1933284319612807,0.0014845970257890695,3.1377890984202654,3.153846053529714,14.588485038383773,36.06667494723603
2019-05-09 00:00:00-04:00,2127449984.0,0.42668729656928883,36.48067947367205,2.396357154846192,0.022948119458083838,0.03292182798695653,-0.41067306804542514,-0.41067306804542514,-0.14524237791958206,0.44420386875293305,3.170180610947877,3.1765348250959793,14.059710851804095,35.537900760656356
2019-05-10 00:00:00-04:00,2091350016.0,0.2684106652940568,35.56490160153041,2.378015899658203,-0.007653807009066704,-0.010889817813393488,0.8799154002819991,0.848015761605047,-0.37094291896625475,-0.02510309252333287,3.159231065054066,3.1688515773875516,14.690937627783427,36.15201326284654
2019-05-13 00:00:00-04:00,2091350016.0,0.2668738213101795,32.841748489670294,2.3533502578735352,-0.010372362013312486,-0.0021483144947478383,-0.4732697195716489,-0.4732697195716489,-0.00572571876826744,-0.07656855464891632,3.1570804396213927,3.1584250475361904,14.049870964483649,35.510946599546756
2019-05-14 00:00:00-04:00,2179219968.0,0.2480770697870367,35.04270897281526,2.353982734680176,0.0002687559170271303,-0.003498460404405712,0.12665137251799696,0.17398864330791453,-0.07043310366997702,0.06701715299467792,3.153575845294017,3.158693767344815,14.169120810530162,35.671353647403244
2019-05-15 00:00:00-04:00,2179219968.0,0.24681524114015257,44.58589733369576,2.3754858016967773,0.009134759868798525,-0.0013503524225463304,0.0018958011515237683,0.0018958011515237683,-0.0050864380491407735,0.27233021192179296,3.1522245803240385,3.167787057646397,14.171014816918667,35.67324765379175
2019-05-16 00:00:00-04:00,2179219968.0,0.22691176988431952,37.83779515605559,2.362837028503418,-0.005324710080070627,0.005138000282783661,-0.06882052000840988,-0.06882052000840988,-0.08064117581997698,-0.1513505969642176,3.157349426122625,3.1624481207727677,14.099711578579399,35.60194441545248
2019-05-17 00:00:00-04:00,2179219968.0,0.15348745215149154,39.672077331371604,2.3773834228515627,0.006156325710435562,0.008609209395930018,-0.25521186121773165,-0.25521186121773165,-0.32358091327858396,0.04847751217402663,3.165921787611871,3.1685855737283526,13.805056100060416,35.307288936933496
2019-05-20 00:00:00-04:00,2179219968.0,0.1202694293881259,37.73260919817674,2.38750228881836,0.004256303745342249,-0.0016006058655204658,-0.18219482619240102,-0.18219482619240102,-0.2164217484734815,-0.04888748620332983,3.164319899408254,3.17283284503371,13.603924955483793,35.106157792356875
2019-05-21 00:00:00-04:00,2176059904.0,0.27823138232952954,49.79504283613994,2.400151824951172,0.005298229950209787,0.02217487277218999,0.1880637588039047,0.1863409600185455,1.0,0.31968193809788437,3.186252484940058,3.178117088743413,13.776249844010971,35.27703153898392
2019-05-22 00:00:00-04:00,2176059904.0,0.27888796437054814,53.40663623462848,2.3912973403930664,-0.003689135189723136,-0.01620497223971773,0.11606864274570983,0.11606864274570983,0.002359841781761851,0.07252917545172455,3.1699147761899846,3.174421131911992,13.886062213915219,35.38684390888816
2019-05-23 00:00:00-04:00,2176059904.0,0.2562505338681351,42.31684285049207,2.371059226989746,-0.008463235860076579,-0.0055790212572879305,-0.0780915105768335,-0.0780915105768335,-0.08117033861072431,-0.207648228123116,3.1643201340670823,3.165921879516378,13.804752901311314,35.30553459628426
2019-05-24 00:00:00-04:00,2176059904.0,0.24054967229601348,49.09093775360247,2.394459724426269,0.009869216749271992,0.016029828505262467,0.3468108763772364,0.3468108763772364,-0.061271527263241476,0.1600803473700454,3.1802228415574345,3.1757427136181464,14.102492385301662,35.60327408027461
2019-05-28 00:00:00-04:00,2183429888.0,0.30484109421774397,39.41600095097007,2.2970623016357425,-0.040676158298659115,-0.033394660593980885,1.0,1.0,0.26726879861476305,-0.19708193090938486,3.1462578458754513,3.1342161393787835,15.35000938373388,36.85417220419296
2019-05-29 00:00:00-04:00,2204979968.0,0.672914033496606,38.571420878031994,2.2616453170776367,-0.01541838222362768,-0.045701603390078116,-0.2374003017891787,-0.22987357304247613,1.0,-0.02142734048511563,3.0994789741410798,3.1186776578088784,15.078987356437942,36.59297161743464
2019-05-30 00:00:00-04:00,2204979968.0,0.7538441734098953,26.73464338381011,2.2521581649780282,-0.0041948010273632486,0.01938392398026534,-0.40486756932470247,-0.40486756932470247,0.12026817079851782,-0.30687947772656243,3.118677422860356,3.1144740339216135,14.560016030799362,36.07400029179606
2019-05-31 00:00:00-04:00,2204979968.0,0.8066522569955923,23.603558761790808,2.192707633972168,-0.026397138500456996,-0.02460841637222244,-0.3292011019283747,-0.3292011019283747,0.07005172348395017,-0.1171171269079061,3.0937611584802593,3.087722235700035,14.160730139057156,35.67471440005385
2019-06-03 00:00:00-04:00,2204979968.0,0.7982115895820034,32.4561927956136,2.2268604278564452,0.015575625931674386,0.006307436568409042,-0.11244069956808045,-0.11244069956808045,-0.010463824207256889,0.37505505517893956,3.1000487864214414,3.103177806587004,14.041450196580485,35.555434457577185
2019-06-04 00:00:00-04:00,2342599936.0,0.7139111677773646,41.4894041219356,2.2831485748291014,0.02527690836324159,0.02564108530523357,0.06565616274431596,0.13216722821621563,-0.1056116234152703,0.27832011546168833,3.1253666525783323,3.1281405371929427,14.105040921273673,35.67956815455365
2019-06-05 00:00:00-04:00,2342599936.0,0.4485788268777763,37.40225783919501,2.2736616134643555,-0.00415520981391071,0.008888730081445084,-0.35132504865997904,-0.35132504865997904,-0.371660162882244,-0.09851060455649452,3.1342161104470434,3.123976670505661,13.672217388137797,35.246744621417776
2019-06-06 00:00:00-04:00,2342599936.0,0.4679810589379827,46.55418428357165,2.3318471908569336,0.025591133283866974,0.015418625302021871,1.0,1.0,0.04325267020570478,0.24468914373361828,3.149517076632527,3.1492458322585124,14.479434879847316,36.05396211312729
2019-06-07 00:00:00-04:00,2342599936.0,0.7238276712348529,54.32694747434031,2.422920227050781,0.039056176815933874,0.03714744170921902,0.010399505766062633,0.010399505766062633,0.5467029218607227,0.16696164502471067,3.1859911767849383,3.187558611071753,14.48978068275453,36.06430791603451
2019-06-10 00:00:00-04:00,2179130112.0,0.9005255280006982,53.48841501520625,2.423552513122558,0.0002609603340293365,0.007320205056677409,-0.4428818913685927,-0.4817583541250524,0.24411591845390213,-0.015434926829454465,3.193284719178953,3.1878195373615568,13.904802665443036,35.406994268363654
2019-06-11 00:00:00-04:00,2182899968.0,0.8807725443856704,55.55557907056232,2.460235023498535,0.01513584301448212,0.003114622254031696,0.03649167733674785,0.03828478934380075,-0.02193495131546397,0.03864694915279121,3.196394501045141,3.2028419763823868,13.94064428872104,35.44456437900623
2019-06-12 00:00:00-04:00,2201740032.0,0.6824947038563011,45.89374767805241,2.337539291381836,-0.04987154924012982,-0.03674004745899395,0.4049236742257125,0.41704921929215844,-0.22511809864335186,-0.17391289145304767,3.1589625377671324,3.151683884180788,14.280627265636614,35.793141073968386
2019-06-13 00:00:00-04:00,2201740032.0,0.5795475861155307,47.31077211070504,2.3369070053100582,-0.0002704921684563155,-0.006446331841998276,-0.15739228740108024,-0.15739228740108024,-0.1508394382536422,0.030876197834030616,3.1524953386012218,3.151413355422727,14.109373489491135,35.62188729782291
2019-06-14 00:00:00-04:00,2201740032.0,0.5781350922501637,42.44189036756497,2.295797538757324,-0.017591400282220504,-0.01784267494013958,0.22234645199761482,0.22234645199761482,-0.002437235352552136,-0.10291275170371572,3.134491563960083,3.1336653875795384,14.310145822331537,35.82265963066331
2019-06-17 00:00:00-04:00,2201740032.0,0.7238458333532066,46.794878817189236,2.259115219116211,-0.0159780289950866,-0.017891712417781203,-0.17019330446978476,-0.17019330446978476,0.2520358010718933,0.10256349120940467,3.116437859739833,3.1175583336574086,14.123583320063789,35.63609712839556
2019-06-18 00:00:00-04:00,2201740032.0,0.746005090060735,50.225216581836165,2.264175033569336,0.0022397327990666405,0.008127975894014927,-0.2614638447971781,-0.2614638447971781,0.030613226859200093,0.07330583712051109,3.1245329815425604,3.119795561993824,13.820498099475314,35.333011907807084
2019-06-19 00:00:00-04:00,2381829888.0,0.7120486325551658,49.22739393705371,2.2433040618896483,-0.009217914414852313,-0.01695868479394791,-0.15472636815920393,-0.08558777576120469,-0.04551772897796802,-0.019866965494446776,3.107428851535508,3.110534899705608,13.652403220094124,35.243538109806295
2019-06-20 00:00:00-04:00,2381829888.0,0.4690177339626874,56.062388287841124,2.2565849304199217,0.005920226667394557,0.001979386786830517,0.1503237198351972,0.1503237198351972,-0.3413122186898514,0.13884534207777088,3.1094062819175416,3.1164376706916173,13.792446618365723,35.383581508077896
2019-06-21 00:00:00-04:00,2173629952.0,0.4124014707168751,50.73713132319074,2.2344501495361326,-0.009808973101522067,-0.009313790869680982,0.7439623413835448,0.5915195285312174,-0.12071241478966421,-0.09498805040750169,3.1000488464887623,3.106580272687521,14.348606350375993,35.84827074626177
2019-06-24 00:00:00-04:00,2360760064.0,0.275817880930769,43.90243503760357,2.226227951049805,-0.003679741294758787,0.003988575700689001,-0.2422837695106208,-0.17705117417155214,-0.3311908406841606,-0.13470797633494103,3.1040294889093865,3.102893744490285,14.071160020834743,35.65340948598511
2019-06-25 00:00:00-04:00,2300930048.0,0.18747304524616742,48.84614432881271,2.2622774124145506,0.016193068345829786,0.01163439737576133,-0.21071788120498725,-0.2307210837820448,-0.3203013357454383,0.1126067218589295,3.115596727086611,3.1189571034929995,13.834528563800037,35.39110781064222
2019-06-26 00:00:00-04:00,2300930048.0,0.1801046121918187,40.58987026937276,2.2470987319946287,-0.006709469111359612,-0.00420750511990553,0.5939952904238619,0.5939952904238619,-0.039303959908867814,-0.16902611604023476,3.111380345509797,3.1122250247043923,14.300772189598991,35.85735143644117
2019-06-27 00:00:00-04:00,2300930048.0,0.14866455178675614,26.634114447117895,2.252514266967773,0.03240424371941586,0.008138472739924074,-0.4263203250030777,-0.4263203250030777,-0.17456554844679728,-0.343823612385015,3.119485879473989,3.144115324096251,13.745088093667729,35.30166734050991
2019-06-28 00:00:00-04:00,2291739904.0,0.16021327732948587,26.18207940807791,2.248001289367676,-0.0309981186046544,-0.001993828424576849,0.0034334763948498104,-0.0005743369458924841,0.07768311546988804,-0.01697203186302665,3.1174900607275053,3.1126265985874593,13.748515689139996,35.301092838569375
2019-07-01 00:00:00-04:00,2291660032.0,0.29196508023365314,27.33877968560857,2.290550422668457,0.01892753954458337,0.022545786535149492,1.0,1.0,0.8223525858797189,0.044179083696987975,3.1397854476672564,3.1313772409224065,15.055911718903761,36.608454015603236
2019-07-02 00:00:00-04:00,2252699904.0,0.4286428572019832,53.615431369598646,2.3608203887939454,0.030678200938106803,0.018420209772547658,0.09039629736765975,0.07185865272449043,0.46813056156904076,0.9611493997232945,3.1580380603627454,3.161594273995223,15.142452924633893,36.67784821575658
2019-07-03 00:00:00-04:00,2297070080.0,0.6092781627326587,59.77368972832871,2.4091711044311523,0.020480471901510366,0.023019867870919697,-0.26327099084759253,-0.24876004966880783,0.4214121441560783,0.1148598118380888,3.1807969683273405,3.1818678412655967,14.836917775723412,36.39181804527142
2019-07-05 00:00:00-04:00,2250970112.0,0.7538802417903746,68.18847464890803,2.4188419342041017,0.004014173071875904,0.01151900988052823,-0.3989413416873717,-0.4110040058418476,0.23733343471422752,0.1407774048887478,3.1922501395287792,3.1858739790409496,14.327855027699535,35.862482148828015
2019-07-08 00:00:00-04:00,2305829888.0,0.759203124490069,77.58495548013347,2.4336688995361326,0.006129778520195028,-0.0005298435008938007,0.17631200575125816,0.20498062858085553,0.007060647573218226,0.13780159887145849,3.191720155611216,3.191985046891369,14.490239153000202,36.04894563977491
2019-07-09 00:00:00-04:00,2305829888.0,0.6608062886080969,64.3045722777824,2.371135139465332,-0.025695262031215527,-0.01669305552467204,-0.4773618538324421,-0.4773618538324421,-0.1296054148197321,-0.17117214439533535,3.1748862008079546,3.165953895275213,13.841373217490002,35.400079704264705
2019-07-10 00:00:00-04:00,2305829888.0,0.44575676067978875,69.0120821464159,2.381449890136719,0.004350131926142531,-0.003772605482334046,-0.07357240304034296,-0.07357240304034296,-0.32543505053694655,0.07320645642891521,3.171106461100828,3.170294592728374,13.764953834347121,35.32366032112183
2019-07-11 00:00:00-04:00,2305829888.0,0.3794071461629639,62.64444511538505,2.3524398803710938,-0.012181658696987951,-0.020557091378228476,0.23466919112233087,0.23466919112233087,-0.14884713002589178,-0.09226843811959318,3.1503351315583004,3.158038129510926,13.975756907106371,35.534463393881076
2019-07-12 00:00:00-04:00,2252219904.0,0.39213219427378215,64.20993506838482,2.3395463943481447,-0.005480899269959316,0.004694966421259439,0.04728233089112277,0.02293327145063917,0.03353929476423878,0.024990084118652334,3.155019111000289,3.1525421550034243,14.021955459655432,35.557137650424615
2019-07-15 00:00:00-04:00,2299480064.0,0.3939047823547266,67.74068346072639,2.362754821777344,0.00992005436834531,0.008521047807994675,0.16822581957211424,0.19273965103726276,0.004520383959361496,0.054987571449515604,3.163504059604149,3.162413328632995,14.17744166404871,35.733390539244574
2019-07-16 00:00:00-04:00,2301639936.0,0.32819154266905837,63.351908061015806,2.3569524765014647,-0.0024557542841091573,-0.0002725968447135907,0.16865120813313839,0.16974890715724822,-0.16682518880029973,-0.06478788189751639,3.1632314255981617,3.1599545540385603,14.333291934296271,35.89017965575506
2019-07-17 00:00:00-04:00,2317949952.0,0.2011869734698835,64.8307611166502,2.3498611450195312,-0.003008686663237059,-0.002180992261233139,-0.2925579455401299,-0.2875448281333448,-0.3869830653352444,0.023343465112527717,3.161048051509512,3.156941332178663,13.987192379653884,35.551141370258016
2019-07-18 00:00:00-04:00,2284440064.0,0.32959511515773454,75.76930327543958,2.5116758346557617,0.0688613835669365,0.03224042463851906,1.0,1.0,0.6382527629557138,0.1687245679424869,3.1927796610466452,3.223535286559284,14.939888054518411,36.489274837204
2019-07-19 00:00:00-04:00,2272140032.0,0.6070595214052699,71.46315574446402,2.4768627166748045,-0.0138605139646647,0.027792438849272738,-0.4670759834973849,-0.4699453879347564,0.8418340973128471,-0.056832349577264685,3.2201928999593377,3.209577818741608,14.310511631383294,35.854499601092144
2019-07-22 00:00:00-04:00,2315830016.0,0.6079925118326317,65.37986387469661,2.449786376953125,-0.010931707897815945,-0.018284854183253874,-0.2974093264248705,-0.2838995185544343,0.001536901068946328,-0.08512487038103767,3.20173881170859,3.1985859206687866,13.957530817984702,35.52056481643878
2019-07-23 00:00:00-04:00,2314139904.0,0.5878700225178634,57.30027087923887,2.4291563034057617,-0.008421172450563397,0.004984194837437617,1.0,1.0,-0.03309660715082563,-0.12357922633400753,3.2067106265660525,3.1901290898140005,14.690520856918013,36.25282478061814
2019-07-24 00:00:00-04:00,2326320128.0,0.5340606984016704,49.420307068527606,2.4040138244628904,-0.010350292777628556,-0.020882345767667565,-0.0846221184709659,-0.07980412642891299,-0.09153268929367442,-0.1375205333203119,3.1856071608633285,3.1797248602589954,14.602102543234082,36.16965605507334
2019-07-25 00:00:00-04:00,2310779904.0,0.45062217762748175,48.90182840167225,2.4091711044311523,0.0021452788315035054,0.007464730295572819,-0.16863245138667515,-0.17418613154284923,-0.15623415282926134,-0.010491206906837358,3.1930441679384685,3.1818678412655967,14.417419258089948,35.97827018336821
2019-07-26 00:00:00-04:00,2305449984.0,0.2947834315628227,46.48729017253206,2.4033689498901367,-0.0024083613365376566,-0.003704675768710586,0.32520815074496046,0.32215149726853376,-0.3458301739278511,-0.04937521373040554,3.1893326128628257,3.1794565751621393,14.698988800091879,36.25753051525809
2019-07-29 00:00:00-04:00,2313110016.0,0.2903188517035749,55.23154731274795,2.4104604721069336,0.002950658997704414,0.006374443742411806,0.21580622494109858,0.21984583311021177,-0.01514528762888201,0.18809995393929424,3.195686825766771,3.182402889509872,14.894396216448351,36.456254999715256
2019-07-30 00:00:00-04:00,2358109952.0,0.3785627589919325,43.40423478262696,2.321494483947754,-0.03690829581678079,-0.03668512808683988,-0.2244509417284286,-0.20936317774587843,0.30395514025543724,-0.21414052485527846,3.1583118749353822,3.144796245396589,14.640212178264521,36.2213384455859
2019-07-31 00:00:00-04:00,2317129984.0,0.5340329702547831,43.714248520489996,2.2957077026367188,-0.011107836563619244,-0.014246462341698796,-0.14746624583552514,-0.16228184251071365,0.41068543476608554,0.007142476751764493,3.1439629575032244,3.133626256133142,14.48066970198405,36.04426488293662
2019-08-01 00:00:00-04:00,2322700032.0,0.46795097713849,57.930220383832136,2.4304458618164064,0.05869133906940105,0.041967777417289964,0.143048128342246,0.14579585202850454,-0.1237414107311875,0.32520224742462966,3.185073976572459,3.190659815744671,14.614368192946333,36.18036434576925
2019-08-02 00:00:00-04:00,2333179904.0,0.5349274210620127,56.15471273521357,2.4304458618164064,0.0,0.022139183227461112,-0.31961313540260905,-0.31654327396840476,0.14312705218200894,-0.03064907464281108,3.2069716461923674,3.190659815744671,14.229274468887134,35.7997724086302
2019-08-05 00:00:00-04:00,2294370048.0,0.5477595989085178,47.47273047149895,2.324073600769043,-0.04376656263713907,-0.04436322188168029,0.29209917355371906,0.2706065390691821,0.023988633487938893,-0.15460825709594117,3.1615942688596657,3.1459066013484285,14.485542631018168,36.03926678490923
2019-08-06 00:00:00-04:00,2294370048.0,0.5549834118362896,49.11761293429011,2.338256454467773,0.006102583710789977,-0.0032769535094925306,-0.3650923604359617,-0.3650923604359617,0.013187925765548059,0.034648996307020674,3.158311934379345,3.15199063970671,14.031266890844465,35.584991044735524
2019-08-07 00:00:00-04:00,2313050112.0,0.5432526753032707,37.0145017975996,2.3737136840820314,0.015163960970367096,-0.012876809196399108,0.04069954867827219,0.04917260828390435,-0.021137093979449073,-0.24641081709084955,3.1453515004196566,3.1670407770564584,14.071160020834743,35.63299290616541
2019-08-08 00:00:00-04:00,2313050112.0,0.547471712156189,44.97047531848667,2.422065544128418,0.020369710285882858,0.03386105690119834,-0.09285216448540234,-0.09285216448540234,0.007766251405136648,0.2149420668793931,3.1786518931066348,3.187205799744086,13.97371017263782,35.53554305796849
2019-08-09 00:00:00-04:00,2313050112.0,0.4839185535260631,44.340719224179395,2.3872522354125976,-0.014373396624304813,-0.008322387814820864,-0.21529793409595355,-0.21529793409595355,-0.11608482633709971,-0.014003767802035938,3.1702946808728654,3.1727281052383045,13.731259005516684,35.29309189084736
2019-08-12 00:00:00-04:00,2277550080.0,0.4652421236187726,45.61831274806652,2.3820953369140625,-0.002160181660755156,0.0005416067233556809,0.23074412532637067,0.21185501626374004,-0.038594159639478764,0.02881309880040117,3.170836140980236,3.1705655870196128,13.938877971914557,35.48524414779424
2019-08-13 00:00:00-04:00,2277550080.0,0.26025483606906913,46.798034941259935,2.370490455627441,-0.004871711516657995,-0.013528392096535113,0.256695836648104,0.256695836648104,-0.44060345601395623,0.025860715184899297,3.1572154064114892,3.1656819700339915,14.167363896623788,35.71373007250347
2019-08-14 00:00:00-04:00,2285040128.0,0.2900338710039415,43.306211183547084,2.335033226013184,-0.014957760968867473,-0.008228109959241947,0.31884363789829084,0.3231808431431269,0.11442259972824997,-0.07461475171117171,3.1489532587160847,3.1506112135696345,14.444119217386648,35.993768640012995
2019-08-15 00:00:00-04:00,2298109952.0,0.2907257857326476,48.435888753176016,2.384674072265625,0.021259160554728984,0.01742277101346401,-0.21466666666666667,-0.21017476811213942,0.0023856342237238426,0.11845131285873833,3.166225993446224,3.1716475506649116,14.202472194507878,35.757825056559554
2019-08-16 00:00:00-04:00,2280410112.0,0.23016459361821462,46.49683789202852,2.367911720275879,-0.007029200419754078,-0.0019028999727949136,-0.168081494057725,-0.17448885695844374,-0.2083103566538308,-0.04003334946590298,3.1643212806591747,3.164593529031975,14.018451401960965,35.5660725393826
2019-08-19 00:00:00-04:00,2287049984.0,0.18253424711263297,53.742358948891955,2.3608203887939454,-0.0029947617646435276,0.0002723677112119738,-0.1542040816326531,-0.1517413769610112,-0.2069403714829765,0.1558282538199358,3.1645936112850355,3.161594273995223,13.850974222239843,35.40150282969423
2019-08-20 00:00:00-04:00,2312079872.0,0.17121137192069577,53.414545177711496,2.3318090438842773,-0.012288670941413171,-0.006806709655987064,0.17990541453527653,0.19281851244875514,-0.062031511187872646,-0.006099727990954151,3.1577636303200642,3.149229473002711,14.016408500331163,35.57782183420378
2019-08-21 00:00:00-04:00,2298330112.0,0.1471391467638825,42.64270667580007,2.367267227172852,0.015206298037814037,0.0071274908078213794,-0.47132924335378323,-0.4744732074144261,-0.1405994525174612,-0.20166489232611184,3.1648658406185977,3.16432131414246,13.379019071250987,34.93446772917821
2019-08-22 00:00:00-04:00,2298330112.0,0.15474424527723513,41.703406221598165,2.357596588134766,-0.0040851488700055505,-0.010343118313037358,0.30991799473928516,0.30991799473928516,0.051686438861553885,-0.02202722405364954,3.154468860536344,3.160227798257033,13.64898360706896,35.204432264996186
2019-08-23 00:00:00-04:00,2266380032.0,0.10226532185978378,50.265432971498285,2.326007270812988,-0.013398949371049795,0.007425707274858473,0.05516182376565082,0.04049356331592713,-0.3391332797121579,0.20530761215053595,3.1618671329785815,3.146738272972558,13.702677749689931,35.24412744568341
2019-08-26 00:00:00-04:00,2306030080.0,0.11201764070336609,48.53480806202362,2.3279415130615235,0.0008315718840634645,-0.007643959082983431,-0.18582782939661924,-0.17158398450349222,0.09536291155425825,-0.03442972251837495,3.1541938091024697,3.1475694992922834,13.497094326142632,35.05588762908327
2019-08-27 00:00:00-04:00,2309189888.0,0.20987350241379485,30.70198089993245,2.203518486022949,-0.05344766023564884,-0.015130502044875538,1.0,1.0,0.8735754573653347,-0.36742346110243673,3.1389476731292674,3.0926404876497053,15.421321902342676,36.98148450447842
2019-08-28 00:00:00-04:00,2322690048.0,0.5728667169243385,29.148063172865704,2.2421991348266603,0.01755403871084593,-0.04525140691179652,-0.38816515787149486,-0.38458820289467244,1.0,-0.05061294683660511,3.0926404466598436,3.110042233872198,14.930029003649441,36.4960208580174
2019-08-29 00:00:00-04:00,2292410112.0,0.6026221213811676,33.85834512493824,2.2550926208496094,0.0057503750771654705,0.027208822760992346,-0.48528591581641023,-0.49199602745648807,0.051941234457785646,0.16159845421418573,3.119485689712997,3.115776138652691,14.265885294821047,35.81875484655072
2019-08-30 00:00:00-04:00,2279310080.0,0.5621868846883696,35.524283460133816,2.262828826904297,0.0034305491416015688,0.004841921107961111,-0.3120020396456116,-0.3159336203210754,-0.06709882571207837,0.04920318252555522,3.124315926422395,3.119200816883719,13.891915889166679,35.43905452679665
2019-09-03 00:00:00-04:00,2293360128.0,0.5539420644084101,37.95280249732103,2.271854209899902,0.003988539870226404,-0.011904863536772115,-0.15675375208449138,-0.15155584138204203,-0.014665621885736058,0.06836222438976303,3.1123396325191814,3.123181423616225,13.721419634564679,35.27470351844091
2019-09-04 00:00:00-04:00,2293360128.0,0.44267047248510427,43.874205678799576,2.2873268127441406,0.006810561512624602,0.011474584057974857,0.3069655020874533,0.3069655020874533,-0.2008722555528254,0.15602018274925866,3.123748882847422,3.129968898019632,13.989127674128083,35.54241155800431
2019-09-05 00:00:00-04:00,2293360128.0,0.3519748859966983,37.79814461856338,2.298930931091309,0.005073222716803993,0.012762291989163677,0.12752185608607935,0.12752185608607935,-0.20488284655457312,-0.13848822938741445,3.1364304231137905,3.1350292953013055,14.109149850890182,35.66243373476641
2019-09-06 00:00:00-04:00,2237270016.0,0.34136422237465786,43.19420826180739,2.3195606231689454,0.008973602381278756,-2.8773682325677896e-08,-0.16170878997987026,-0.18221139106923767,-0.030146081564864757,0.1427600136910927,3.136430394340108,3.143962874171254,13.932760118014514,35.46128233469969
2019-09-09 00:00:00-04:00,2237270016.0,0.2068922035138079,42.34879098062918,2.305377960205078,-0.006114374775206821,-0.003920285805876,-0.04144432586268232,-0.04144432586268232,-0.393925344388501,-0.019572468513694985,3.1325024040714426,3.137829730058983,13.890432484481533,35.41895470116671
2019-09-10 00:00:00-04:00,2186820096.0,0.24810933431600593,55.14476657074225,2.373069190979004,0.029362313660665107,0.012932034501640821,0.21775839673408792,0.19029822730652657,0.19922031909456273,0.302156810001166,3.145351533801488,3.166769227620155,14.087444273447916,35.59315858807437
2019-09-11 00:00:00-04:00,2186820096.0,0.4269685903303409,57.469514257648775,2.4304458618164064,0.02417825449654587,0.02608949826230078,0.011504761904761907,0.011504761904761907,0.7208888634013657,0.042157177035544,3.1711065070208737,3.190659815744671,14.098883358827957,35.60459767345441
2019-09-12 00:00:00-04:00,2342429952.0,0.6524834953052286,60.59714199542781,2.449142265319824,0.007692581759235262,0.031647486886174914,-0.05589032841217234,0.0112906757832405,0.5281768028894336,0.054422379903146245,3.2022635332530256,3.198322960465017,14.041370416772713,35.61582508530747
2019-09-13 00:00:00-04:00,2288369920.0,0.6020417742459371,54.56986724523521,2.3698453903198238,-0.03237740662225064,-0.037231582354979476,0.25626296473591825,0.2272701592024795,-0.07730727508393931,-0.09946467030817019,3.1643211570296366,3.165409809861142,14.269511829732505,35.82061740544961
2019-09-16 00:00:00-04:00,2305359872.0,0.5726643226724332,49.38723432952548,2.321494483947754,-0.020402557301657853,-0.013071826946928877,-0.3633303696176807,-0.35860342998894557,-0.048796367345604,-0.09497243034180658,3.151163141837023,3.144796245396589,13.818007438162862,35.37651006605251
2019-09-17 00:00:00-04:00,2313210112.0,0.5323851240896804,68.83844856039173,2.375003242492676,0.02304927231786036,0.003311294733340908,0.010972568578553554,0.01441514489522766,-0.07033649031038491,0.3938510527048811,3.154468966306403,3.1675838957397926,13.828920244874192,35.39082230054649
2019-09-18 00:00:00-04:00,2296910080.0,0.45343804751488576,66.30929570751613,2.379516220092773,0.0019001985005124844,0.01760184284797295,-0.07212629501726686,-0.0786645558543253,-0.1482894111847799,-0.03674041042131826,3.1719176908833,3.1694822911469296,13.75406059564805,35.30889120882207
2019-09-19 00:00:00-04:00,2301100032.0,0.4002757195044126,61.09464050159361,2.351794815063477,-0.011650017257800127,-0.003513592370585572,0.22171416418545298,0.2239427772035374,-0.11724275962688802,-0.07864139032517936,3.168397911350011,3.157763880731508,13.954315520841456,35.51096864116865
2019-09-20 00:00:00-04:00,2301489920.0,0.42986133914633706,58.71160714479099,2.3395463943481447,-0.005208116216976144,-0.017086811261040502,-0.15258072939333278,-0.15243714649820272,0.0739131008959395,-0.03900560404705977,3.1511634360404432,3.1525421550034243,13.788755820655455,35.3455783621151
2019-09-23 00:00:00-04:00,2306030080.0,0.2807581587071984,53.89976908204758,2.307956886291504,-0.013502407190109311,-0.013521036027357769,0.3994453574363188,0.40220604988115816,-0.34686343446294365,-0.08195718524408213,3.1375501583936107,3.1389477613490904,14.124831805519536,35.68362510846018
2019-09-24 00:00:00-04:00,2314149888.0,0.3656322670114697,48.52937104813708,2.2731433868408204,-0.01508412035660811,-0.00979046427602337,0.0387522935779816,0.042409864767778416,0.3023032658964908,-0.09963675402274064,3.127711452391374,3.12374871851487,14.16285208072193,35.72516031875865
2019-09-25 00:00:00-04:00,2290550016.0,0.37143232045646024,54.00237322728154,2.342124557495117,0.03034615900326698,0.016949164859774823,0.30389316752631945,0.29059596840587276,0.015863078749580373,0.1127771092214589,3.1445185828198667,3.15364354099749,14.428206614126593,35.980264421459545
2019-09-26 00:00:00-04:00,2290550016.0,0.3707843401566906,50.239287788377794,2.322139930725098,-0.00853269169910953,0.0025002454908862326,0.45908746071312456,0.45908746071312456,-0.0017445447369074385,-0.0696837048821155,3.1470157078971135,3.145074237470841,14.806017827527272,36.35807563486022
2019-09-27 00:00:00-04:00,2309400064.0,0.29149842220713557,52.35790483665722,2.330520439147949,0.0036089592672541304,-0.002216906615860048,-0.562764614127609,-0.559166391886915,-0.21383297340995955,0.042170523141244365,3.1447963403059407,3.148676700070712,13.978734239066288,35.538987854261144
2019-09-30 00:00:00-04:00,2303330048.0,0.266895042426499,50.56465443638496,2.378871726989746,0.020746991543002524,0.02027234519645571,-0.17191879724794024,-0.1740953218910105,-0.08440313190839055,-0.034249850254068126,3.164865937057168,3.1692114039834047,13.790090180617362,35.347711940335586
2019-10-01 00:00:00-04:00,2298050048.0,0.34221580551667824,43.490297557947216,2.3698453903198238,-0.0037943772114792385,0.0046268046434034815,0.29305569802030984,0.29009158348037434,0.2822111733713528,-0.13990715366873407,3.1694820709416525,3.165409809861142,14.047098356061147,35.60242515113517
2019-10-02 00:00:00-04:00,2290139904.0,0.328922803839006,35.580513692583736,2.3002202987670897,-0.029379592372200114,-0.02519631599072436,0.6441377122005394,0.6384784072299381,-0.038843915048290656,-0.18187467802041013,3.143962892949707,3.1355899934149876,14.544314415732254,36.09619316182847
2019-10-03 00:00:00-04:00,2289179904.0,0.35656128864663317,40.129131538539085,2.27945613861084,0.020274510171372162,-0.020689079934683496,-0.10508539998070054,-0.10546053776792397,0.08402726866318155,0.12784013983765075,3.1230567955208612,3.1556617121218182,14.433287431499442,35.98474690134751
2019-10-04 00:00:00-04:00,2354510080.0,0.4724289977229467,44.72370674626229,2.278142166137696,-0.029279158335549837,-0.010124235253111569,-0.03024584860901447,-0.002570343823915744,0.32495874556686166,0.11449475808642107,3.112880961638153,3.125945364385018,14.402574739716062,35.982173248518514
2019-10-07 00:00:00-04:00,2302449920.0,0.5015193069611673,36.909949934503544,2.280770301818848,0.00115363111232325,0.010812226983091477,-0.1394896314004559,-0.1585162254471254,0.06157604503202063,-0.17471174417831026,3.1236351544394867,3.1270983305763025,14.252345125818495,35.80958470140425
2019-10-08 00:00:00-04:00,2302449920.0,0.5320991504067749,33.914436330261,2.257772254943848,-0.010083455951991227,-0.004914722538810423,0.26108024292544263,0.26108024292544263,0.06097440920250641,-0.08115734671973451,3.118708314934539,3.1169636922280404,14.484313815134701,36.04155339072045
2019-10-09 00:00:00-04:00,2302449920.0,0.4590354671717653,37.87555992279629,2.2650001525878904,0.0032013404488495656,0.0014526584498133488,-0.46616117628976894,-0.46616117628976894,-0.13731215917024953,0.11679756531883978,3.120159919296763,3.120159919296763,13.85665250129545,35.4138920768812
2019-10-10 00:00:00-04:00,2292059904.0,0.22454406908928667,41.33625087600829,2.2774847030639647,0.0055119424437168885,-0.00029022594978611593,0.5436660268714011,0.5367000926382473,-0.5108350331342368,0.09137002753929191,3.1198696512232753,3.1256567265763593,14.290812625661218,35.84352939724423
2019-10-11 00:00:00-04:00,2270899968.0,0.11517584077360161,42.75399517285519,2.257772254943848,-0.008655359174793653,-0.009866387219846007,0.9504507304942493,0.9324444765754984,-0.4870679896345709,0.03429784430860816,3.109954268667364,3.1169636922280404,14.958873115370455,36.50231516691402
2019-10-14 00:00:00-04:00,2249100032.0,0.1412284113941773,47.13481655284143,2.255143928527832,-0.001164123799581973,-0.003516920565441173,-0.4006311159277085,-0.4063848714859839,0.2261982239121363,0.10246577804657786,3.1064311491984893,3.115798890310021,14.446995078132112,35.98079106550143
2019-10-15 00:00:00-04:00,2290700032.0,0.1479969306504214,36.98753279652581,2.273542594909668,0.008158533098083343,0.01647068955979103,0.44639438417358,0.47314731002193167,0.04792604539997791,-0.215282131096019,3.1227676682008427,3.12392432249169,14.816068906156996,36.36819220478533
2019-10-16 00:00:00-04:00,2254540032.0,0.1375117992195273,39.38508800256478,2.269599914550781,-0.0017341572432882923,-0.0028937081687043786,-0.5924332671519965,-0.5988669393281463,-0.07084695192537938,0.06482063075762023,3.1198697651642187,3.1221886598570876,13.918518308038504,35.4547301201933
2019-10-17 00:00:00-04:00,2282249984.0,0.16364612122559083,43.05121907421037,2.2939123153686523,0.01071219674533852,0.007254798552618569,0.7924221921515562,0.8144523766695901,0.19005148761337942,0.093084242224033,3.1270983742557106,3.1328438875045395,14.50208619314118,36.05051382154002
2019-10-18 00:00:00-04:00,2251559936.0,0.16239754018950786,27.1011974149377,2.268942642211914,-0.010885190767514374,-0.008643047583544283,0.19819819819819817,0.1820856949781231,-0.007629762482190272,-0.3704894310142185,3.118417758913148,3.1218990195881062,14.6829051200506,36.21779423787742
2019-10-21 00:00:00-04:00,2251559936.0,0.17118092851630287,28.96838808801894,2.271571159362793,0.0011584766851207018,0.005812323403272979,-0.17725878943167972,-0.17725878943167972,0.054085722705807804,0.06889698062020222,3.1242132559335185,3.1230568257569136,14.487791545842834,36.022680663669654
2019-10-22 00:00:00-04:00,2285989888.0,0.15382169946970023,44.59574794857154,2.281427955627441,0.004339197662384997,1.3064473969315316e-07,0.367386531883392,0.3882960586099289,-0.10140866273516791,0.5394625276722227,3.12421338657825,3.1273866362465244,14.800692822857478,36.35075780171965
2019-10-23 00:00:00-04:00,2285989888.0,0.12751128987788676,63.2588579409403,2.3339948654174805,0.02304123154990556,0.011268183913200946,0.35612142030392424,0.35612142030392424,-0.17104485051535978,0.4184952792784489,3.135418557427123,3.1501664269491694,15.105321551363941,36.65538653022612
2019-10-24 00:00:00-04:00,2260000000.0,0.3046990531365924,62.06905023622145,2.3287384033203127,-0.0022521309601201134,0.02142874834324271,-0.5302992759009939,-0.5356393997908386,1.0,-0.018808554935178856,3.1566209382808856,3.147911756128002,14.34966200703376,35.888292657264365
2019-10-25 00:00:00-04:00,2308239872.0,0.28903255814702206,51.187434516478795,2.2866846084594727,-0.018058616975131114,-0.025174811024179067,0.18540445486518164,0.2107070031709013,-0.051416290363551886,-0.17531468063921662,3.131123820863488,3.1296880922980237,14.51974603550964,36.0794971463774
2019-10-28 00:00:00-04:00,2292229888.0,0.2862375439591536,57.38639596587643,2.2919410705566405,0.002298726320945965,0.0008607299416916181,-0.4142807694209564,-0.41834332618718084,-0.009670239940397063,0.12110318690423916,3.131984180589585,3.131984180589585,13.984831302580977,35.53762223352467
2019-10-29 00:00:00-04:00,2289550080.0,0.2658246207474057,58.90412266191631,2.3077110290527343,0.006880612550943077,-0.007454248542073882,-0.0783452933727311,-0.07942278462654784,-0.07131462536116795,0.02644749980365324,3.1245020102931784,3.1388412297512756,13.903246672268361,35.454867835862125
2019-10-30 00:00:00-04:00,2280179968.0,0.267174919369955,60.21232167935548,2.3280813217163088,0.008827055210606671,0.019930885116327346,0.08454703673170294,0.08010846721002451,0.0050796597348761185,0.022208955134561004,3.144236875603691,3.1476295542618526,13.984409094426088,35.53192930455711
2019-10-31 00:00:00-04:00,2287280128.0,0.2502966696982001,57.61410979441622,2.2971973419189453,-0.013265850943125712,0.0005661991306478154,0.20582770270270268,0.20958248072100583,-0.06317303177841993,-0.04315083379072038,3.14480291450409,3.134274925905327,14.17157531577731,35.72220454736444
2019-11-01 00:00:00-04:00,2280470016.0,0.2541763998306501,63.37069666169612,2.333337593078613,0.015732323253290215,0.0002830760607870353,-0.21215941724451914,-0.21450512144621725,0.015500526383863011,0.09991626856374358,3.1450859505064086,3.1498847789847026,13.933115800038538,35.48076320607427
2019-11-04 00:00:00-05:00,2245149952.0,0.27895774479879204,63.85801863264084,2.355678939819336,0.009574845408994337,0.015563153067123636,0.08410384068278809,0.06731317175624607,0.09749664006828707,0.007690020729080649,3.1605292397465696,3.159414076075985,14.013869492455854,35.5459076421298
2019-11-05 00:00:00-05:00,2245149952.0,0.3124902163612659,66.09063962323769,2.367506408691406,0.005020832284121646,0.0005571745396384387,-0.020337871084139758,-0.020337871084139758,0.12020627563741004,0.034962265325527264,3.1610862591221074,3.164422346013106,13.993321959280342,35.52536010895429
2019-11-06 00:00:00-05:00,2306629888.0,0.4138591356444606,66.09066088215837,2.3918190002441406,0.010269282255574774,0.019493184167854283,0.19529549640046873,0.22802680263430242,0.3243906976146844,3.216631099256517e-07,3.180391884666565,3.174639257425148,14.171715391418386,35.73076876469048
2019-11-07 00:00:00-05:00,2306629888.0,0.4775336459671406,73.96058419938075,2.4128459930419917,0.008791214049100216,0.016115833362340792,0.49562294278310803,0.49562294278310803,0.15385551468744607,0.11907769134363289,3.196379236539201,3.1833920537468137,14.574258195608168,36.13331156888026
2019-11-08 00:00:00-05:00,2356720128.0,0.4882975805280845,75.56465639018057,2.435187339782715,0.009259333917353008,-0.008333300502701313,-0.37619404382843225,-0.36264761827458836,0.022540683053115185,0.02168820336080124,3.1880110199752036,3.192608782824892,14.102342268961216,35.68287898203921
2019-11-11 00:00:00-05:00,2296090112.0,0.4632525940442083,76.62076890395683,2.459499740600586,0.009983790741964205,0.004608358621666975,-0.009082720312265424,-0.03457549300442608,-0.05129041691501002,0.013976276267610999,3.192608792622463,3.202543064778945,14.09321804926885,35.64769161128918
2019-11-12 00:00:00-05:00,2281939968.0,0.4011093476918636,73.73065985567213,2.475269889831543,0.00641193368335391,0.009983802723441793,-0.3451253692902053,-0.34916117358118703,-0.1341454902817324,-0.03771965603617755,3.2025430864395554,3.2089345294661564,13.669906584105481,35.218198365397285
2019-11-13 00:00:00-05:00,2291239936.0,0.34745044408010733,67.20318981986298,2.4411012649536135,-0.013803999724755323,-0.0016030289633633954,0.9302486986697514,0.9381153609752473,-0.13377624809925304,-0.08853128465941684,3.200938771250508,3.1950343685724976,14.327555438134993,35.87991440288129
2019-11-14 00:00:00-05:00,2273250048.0,0.18937809378561116,77.90169691393614,2.450957679748535,0.004037691896042306,-0.0032110353174709116,-0.3001138610894708,-0.3056090835905825,-0.45494934022318134,0.15919641794906347,3.197722569496427,3.1990639308664877,13.970717822266657,35.5151942059521
2019-11-15 00:00:00-05:00,2301339904.0,0.19130563858099264,70.1645579297427,2.4207313537597654,-0.01233245528412008,-0.017449745084556323,0.28521277506635845,0.3010937564888536,0.010178288084172982,-0.09931926120609713,3.1801187829907516,3.1866547998031267,14.2216421106156,35.778399467827384
2019-11-18 00:00:00-05:00,2287320064.0,0.19608267424232348,71.11553646639231,2.447015380859375,0.010857886836053154,0.01912578753600247,-0.007128580946035967,-0.013177186982682332,0.024970699749178538,0.013553545617744023,3.1990639717484153,3.197454163033263,14.214487999936884,35.76513469141048
2019-11-19 00:00:00-05:00,2290240000.0,0.23353527729119283,68.6314326709898,2.444386482238769,-0.0010743286050300949,0.012064171149787306,0.13856270549553784,0.14001616637508785,0.19100414248014874,-0.03493053584115835,3.211055950830408,3.1963792569236,14.34425468223261,35.89617713474712
2019-11-20 00:00:00-05:00,2307140096.0,0.2510877310086391,80.86297891157975,2.513381004333496,0.028225701048524954,-0.02384118006884628,1.0,1.0,0.07515975282638054,0.178220762186714,3.1869259703623287,3.224213953407369,15.344887429223448,36.904161970002306
2019-11-21 00:00:00-05:00,2307140096.0,0.3467782622315163,79.09831994503904,2.519952392578125,0.002614561116400127,0.036092546460800845,-0.47515871124303943,-0.47515871124303943,0.38110397046674005,-0.021822829065823668,3.2223824407705015,3.226825102504847,14.700228059999324,36.259502600778184
2019-11-22 00:00:00-05:00,2297750016.0,0.4334739119067518,74.26161784536316,2.506810760498047,-0.00521503188662753,0.004976404172999382,-0.5818849853445073,-0.5835867170441225,0.25000312625523136,-0.06114797511548442,3.2273465035710913,3.221596424876771,13.828229330372048,35.383425557537876
2019-11-25 00:00:00-05:00,2315460096.0,0.512618155394063,77.15357026764636,2.5580638885498046,0.02044555131938841,0.007036734615728069,0.9640600315955765,0.9791981710981987,0.18258133030237955,0.03894276082572268,3.2343585959030663,3.241835771816052,14.50324310582272,36.0661173561324
2019-11-26 00:00:00-05:00,2278469888.0,0.4322206687986058,62.9195162030295,2.4930118560791015,-0.025430182866770346,-0.005693491553420915,0.12391916348280718,0.10596419906591437,-0.1568369862625203,-0.18448989483232991,3.22864883464293,3.2160766532718923,14.62006493609835,36.166834888967145
2019-11-27 00:00:00-05:00,2328150016.0,0.5037495035061857,69.60109113108625,2.600117301940918,0.042962268952168925,0.023164775813755645,-0.10153419510667805,-0.08194390057357626,0.1654914719983207,0.106192407877018,3.251549379818542,3.2581416531349023,14.51299830462264,36.081338109224625
2019-11-29 00:00:00-05:00,2287729920.0,0.5550278316926389,68.29269613157047,2.6027462005615236,0.001011069238546769,0.0017808889626120816,0.249813312092398,0.22811472149055745,0.10179330764506345,-0.018798484021630646,3.2533286848786296,3.259152211587211,14.735992494456898,36.286818355995315
2019-12-02 00:00:00-05:00,2287729920.0,0.3787622604810083,66.96565826964952,2.6086603164672852,0.0022722599324074277,0.006094512793054285,-0.4021907986456881,-0.4021907986456881,-0.31757969807402786,-0.019431622078066924,3.2594047012417007,3.26142189384105,14.221508857234097,35.77233471877252
2019-12-03 00:00:00-05:00,2275429888.0,0.32799510105164753,56.76036005929743,2.541636276245117,-0.025692896771218554,-0.02044435056808369,0.41257995735607667,0.40498518905491365,-0.13403436595000018,-0.1523959963069217,3.238748472151703,3.23539316986076,14.566926646648195,36.112361479904735
2019-12-04 00:00:00-05:00,2290279936.0,0.29434686172209323,61.505619033796634,2.547550010681152,0.002326743008552068,-0.0023190383786696467,-0.3585849056603774,-0.3543988637220604,-0.10258762774708607,0.08360163623947847,3.236426740639073,3.237717210194273,14.122848188074496,35.674788077910776
2019-12-05 00:00:00-05:00,2287640064.0,0.28091146994309135,61.72315990409621,2.560035514831543,0.0049009849062990885,0.0033576904495804527,-0.14546256802470947,-0.14644754344372457,-0.04564475972462334,0.0035369267672931137,3.2397788066326805,3.2426062243703595,13.965653216393994,35.51643979979739
2019-12-06 00:00:00-05:00,2287640064.0,0.22345811304014887,67.8111078259078,2.5843475341796873,0.009496750809624643,0.00978099776226693,-0.05352839931153186,-0.05352839931153186,-0.20452478111549421,0.09863312136434499,3.2495122800752343,3.252058164522388,13.910638903055851,35.46142548645925
2019-12-09 00:00:00-05:00,2300709888.0,0.2313153110728668,67.20105749807257,2.6020885467529298,0.006864793662077373,0.004843088266253792,0.3544280778323332,0.3621662429731265,0.0351618382784169,-0.008996318558921246,3.254343678318193,3.258899502771649,14.21401818550494,35.7705017447213
2019-12-10 00:00:00-05:00,2283140096.0,0.22443994347577298,64.83832591529308,2.583033561706543,-0.007322957963965093,-0.0040586475991661874,-0.3285445757250268,-0.33367226792268956,-0.029722924804264195,-0.035159142887703165,3.250276772055282,3.2515496003282314,13.81571053796694,35.36452810544905
2019-12-11 00:00:00-05:00,2283140096.0,0.17564967558412292,59.8716656672579,2.5942039489746094,0.004324522698298416,-0.002801782125976593,0.21315736852629463,0.21315736852629463,-0.21738674113022438,-0.0766006860591032,3.24747105759101,3.2558647991494594,14.008936894490335,35.55775446197244
2019-12-12 00:00:00-05:00,2296480000.0,0.16997499624535478,58.45420202358258,2.5889476776123046,-0.0020261596488518885,0.004853227220447565,-0.097577056205703,-0.09230439008297842,-0.032306802275022695,-0.023675032720034905,3.2523125458700766,3.2538365840622463,13.906264921232738,35.460908274020085
2019-12-13 00:00:00-05:00,2285609984.0,0.34451465361471706,67.4418900159153,2.674369049072266,0.03299463028883687,0.029740403184372655,1.0,0.9956232722696192,1.0,0.15375606339997172,3.281619280601948,3.2862985760147336,14.601965915657871,36.15186469274758
2019-12-16 00:00:00-05:00,2307739904.0,0.7815217897986461,70.50812975962498,2.7755619049072267,0.03783802982242279,0.04616168289645395,0.25810712333758423,0.2702884710678586,1.0,0.045464914209641494,3.3267472068583235,3.32343830794932,14.831574223997224,36.39110870999823
2019-12-17 00:00:00-05:00,2307739904.0,0.871777209685344,77.94519839833944,2.7611053466796873,-0.005208515869157826,-0.014865679774282214,-0.4097310212504073,-0.4097310212504073,0.11548676065698915,0.10547817200752285,3.311769925462705,3.3182161804766426,14.30439727421151,35.863931760212516
2019-12-18 00:00:00-05:00,2300009984.0,0.9853002332879071,73.77852241751151,2.791988563537598,0.011185091831084293,0.017724503511999057,-0.34719411223551055,-0.34938072662788733,0.13022022409089784,-0.0534564805330805,3.3293391817316267,3.3293391817316267,13.877921818085671,35.43410111882733
2019-12-19 00:00:00-05:00,2294360064.0,0.9524043316111732,70.37627488635951,2.773590660095215,-0.006589533955351001,-0.005177404282354581,0.24755730928222475,0.24449271432746666,-0.0333866780554406,-0.04611433544167143,3.3241483282503435,3.3227278409467145,14.09910930497842,35.65282910733877
2019-12-20 00:00:00-05:00,2314769920.0,0.8317784099458864,71.27665440730459,2.792646026611328,0.006870287959312327,0.012774894685847027,0.06785149484147901,0.07735074283706278,-0.12665410861920923,0.012793793396978836,3.336842312323488,3.329574636018261,14.16475798607421,35.72733411901057
2019-12-23 00:00:00-05:00,2310070016.0,0.4969759494973349,84.51984416182752,2.7965887069702147,0.001411808127960601,-0.01284752546823753,-0.18638928067700988,-0.18804123417837082,-0.4025140066695563,0.1857998227420412,3.323911543651862,3.330985448482141,13.958484726915382,35.51902839789287
2019-12-24 00:00:00-05:00,2301720064.0,0.2311949313103983,84.92225513436068,2.812358283996582,0.005638861727168987,0.011121470690362845,-0.24321747421340034,-0.2459529314597131,-0.5347965398642734,0.004761141913166345,3.334971625523681,3.3366084713427444,13.6798053757989,35.23672791009006
2019-12-26 00:00:00-05:00,2296960000.0,0.24192933979333422,84.75309427032197,2.820637321472168,0.026909458124958485,-0.0013574858929847888,0.14167907456190587,0.1393180292083145,0.04643012034084815,-0.0019919497400425756,3.333613217412028,3.3631622368885514,13.812305427015326,35.36715777349879
2019-12-27 00:00:00-05:00,2296960000.0,0.24090294927719927,84.49306900776503,2.838662338256836,-0.01709637990071511,0.015237941805027244,0.6609149277688604,0.6609149277688604,-0.004242521874410654,-0.0030680326753331766,3.348736227856105,3.3459180265521677,14.319674038856714,35.874526385340175
2019-12-30 00:00:00-05:00,2290109952.0,0.3447715604329583,82.76439699412012,2.834657096862793,-0.0014109608388656047,0.008442964970634792,-0.2265643875332206,-0.2288709453619624,0.4311637174530427,-0.020459335114055843,3.3571437503513133,3.3445060693707473,14.062761184621717,35.61462685195544
2019-12-31 00:00:00-05:00,2303040000.0,0.30557477812526623,87.4600902972996,2.834657096862793,0.0,-0.016976733540379874,-0.1204998047637642,-0.11553411316870232,-0.11368914030632171,0.05673566743334191,3.340021260065966,3.3445060693707473,13.934359691802655,35.49185551808637
2020-01-02 00:00:00-05:00,2314639872.0,0.3490104614510715,88.03715482259629,2.8620285034179687,0.009655985052113847,0.015850281990996695,0.28698277393003013,0.2934650041317606,0.14214420310566145,0.006598032580747315,3.3557472381185867,3.3541157333442495,14.186660235657317,35.7491801851898
2020-01-03 00:00:00-05:00,2314639872.0,0.3899043726269042,90.77449008137502,2.9147693634033205,0.018427789912772052,0.015603177112989863,0.47109148613219265,0.47109148613219265,0.11717101832939103,0.031092954608707313,3.3712299372734127,3.3723757890499435,14.572664868498512,36.13518481803099
2020-01-06 00:00:00-05:00,2272750080.0,0.43045319796387393,89.22735596366586,2.9428098678588865,0.009620145184600748,0.002981300513690943,-0.11635869055435699,-0.13235061703201756,0.10399684687755606,-0.017043710367551812,3.374206802523776,3.3819499552854393,14.448960811266092,35.993217235431985
2020-01-07 00:00:00-05:00,2272750080.0,0.5042496294064924,87.03772020669783,2.9862037658691407,0.014745736204094584,0.017375232945258112,0.01533888859402377,0.01533888859402377,0.17143892016992734,-0.02453996012007431,3.391432812155775,3.396588030194408,14.46418324842239,36.00843967258828
2020-01-08 00:00:00-05:00,2367470080.0,0.6597143415177482,92.8947045262481,3.031601142883301,0.01520237082714515,0.015056177409864757,0.41902770517511767,0.4781676455570303,0.30830902601602217,0.06729248313996594,3.4063767703197634,3.411676002939849,14.814155170846002,36.39924291598706
2020-01-09 00:00:00-05:00,2367470080.0,0.7715182394692065,91.69257037052375,3.0302654266357427,-0.00044059761974091227,0.005977272101567399,-0.4003536432623591,-0.4003536432623591,0.1694731960718645,-0.012940825441612569,3.4123362493977334,3.411235308228457,14.302739967875079,35.88782771301614
2020-01-10 00:00:00-05:00,2308400128.0,0.6796133681908816,94.0117121389745,3.0189167022705083,-0.0037451255145770634,0.0026410591195991096,-0.1781545644428062,-0.19866015428738093,-0.11912209793193507,0.025292581057322794,3.4149738270491907,3.4074831521723237,14.106537031666445,35.66635756791719
2020-01-13 00:00:00-05:00,2308400128.0,0.5365369210184345,93.85655560743245,3.0309331893920897,0.00398039704525277,-0.008340820234892576,-0.179174764538795,-0.179174764538795,-0.21052624016698485,-0.001650395764654089,3.4065980275334757,3.4114556483959224,13.909091971585804,35.46891250783655
2020-01-14 00:00:00-05:00,2303269888.0,0.42743766486096546,90.38536684190115,3.020919418334961,-0.003303857403447852,0.001328193142846601,-0.19806939258719602,-0.19985162107933274,-0.20333969925197481,-0.03698397776336493,3.4079253394080533,3.4081463212046814,13.68835877230379,35.24595441297507
2020-01-15 00:00:00-05:00,2293029888.0,0.23442388109264256,90.3709842706522,3.036274147033692,0.005082799827608175,0.004641826448371633,0.01146945264592314,0.006972607856236879,-0.4515600744522721,-0.00015912499723658158,3.4125564258028556,3.413216247210192,13.699762949419961,35.252902824609876
2020-01-16 00:00:00-05:00,2303280128.0,0.10995963345805154,82.68818386938675,3.0122406005859372,-0.007915473137112716,-0.006380550288669129,0.24688447288649384,0.25245826203169663,-0.5309367247674041,-0.08501401709044376,3.40615543279962,3.4052692804140237,13.920410967789644,35.47801105430432
2020-01-17 00:00:00-05:00,2295800064.0,0.12782957174726692,81.35606117729432,3.011572456359864,-0.0002218097139861097,-0.0028788924672054073,-0.39501170538447683,-0.3969764473661239,0.16251362183771345,-0.016110194102178288,3.403272388350842,3.4050474460966247,13.41786479890824,34.9722120303809
2020-01-21 00:00:00-05:00,2284059904.0,0.26151779591470387,72.88514895787429,2.9755222320556642,-0.011970565153784918,-0.015100858371957848,1.0,1.0,1.0,-0.10412146429950542,3.3880563510118895,3.3930046567730408,14.142653699296968,35.69187405536396
2020-01-22 00:00:00-05:00,2284059904.0,0.29457640608395463,73.34765694959357,2.9808629989624023,0.0017949006897686193,-0.00022551089423117343,-0.0787310742609949,-0.0787310742609949,0.12641055670273804,0.0063457096312802275,3.3878308146862532,3.3947979485535003,14.06065040715038,35.609870763217366
2020-01-23 00:00:00-05:00,2270400000.0,0.3030796751133155,69.3362430626426,2.9748533248901365,-0.0020160852995785294,0.004735702045310708,-0.3065424949131319,-0.3106897429476415,0.028866089930289496,-0.05469041621476367,3.392555338571697,3.3927798282182904,13.694585090035394,35.23780695440544
2020-01-24 00:00:00-05:00,2296950016.0,0.28706393239067485,62.39579677516125,2.974187278747558,-0.00022389209478190786,0.001796349773389938,0.05247714704886586,0.06478479552216654,-0.05284334133145907,-0.10009838983071118,3.3943500768384305,3.392555911055932,13.745731663356358,35.300579663215714
2020-01-27 00:00:00-05:00,2305129984.0,0.353765277859455,45.95945494541007,2.9214458465576167,-0.017733056881391485,-0.024199160380911966,0.008363714346987017,0.011954729762326144,0.23235710914042684,-0.2634206577885102,3.369853305679439,3.374663739657166,13.75406059564805,35.31246349964398
2020-01-28 00:00:00-05:00,2301939968.0,0.3441977287689223,37.426820466210515,2.928789520263672,0.002513712076747332,0.0041331741921679654,0.0026584432156528948,0.0012708874168068096,-0.02704490714414809,-0.18565569346578392,3.373977961770287,3.377174297644254,13.756715511453768,35.313733580166954
2020-01-29 00:00:00-05:00,2304560128.0,0.2964600302292521,21.660478164903196,2.926787376403809,-0.0006836079704637399,-0.00022843465885191705,-0.12578216141690535,-0.1247870917609698,-0.13869265991501933,-0.42125786013646027,3.3737495010162646,3.376490455907319,13.622289820301319,35.18044548164577
2020-01-30 00:00:00-05:00,2310830080.0,0.29502491906852907,27.364493125721395,2.940806198120117,0.004789832643576908,0.0029731127024490434,0.805289336406648,0.8102009363895935,-0.004840825117683689,0.26333744423336425,3.3767182027598324,3.381268853801672,14.213010696418142,35.77388333534173
2020-01-31 00:00:00-05:00,2270810112.0,0.28440988981381704,29.03180220698458,2.940806198120117,0.0,0.006385464167333543,-0.0568510180767422,-0.07318488546166102,-0.035980110724973535,0.060929653387074456,3.3830833662246254,3.381268853801672,14.154479674784074,35.69788215709119
2020-02-03 00:00:00-05:00,2287600128.0,0.238375466902988,24.137553569376166,2.940806198120117,0.0,-0.004078864736439702,-0.1369433558959744,-0.13056204960055262,-0.16185943091136712,-0.16858232233446868,3.3789961602297804,3.381268853801672,14.007204721004893,35.55797384696417
2020-02-04 00:00:00-05:00,2327500032.0,0.2069139930164193,41.904502764059565,2.986870765686035,0.015663924945263252,0.012058981767885113,-0.19483199867910506,-0.18078840532406237,-0.1319828516555045,0.7360708343377727,3.3909830117760356,3.3968113657031624,13.790500394960107,35.35856097582426
2020-02-05 00:00:00-05:00,2327500032.0,0.1826541822944694,36.0925109882105,2.9801950454711923,-0.002235021445030516,-0.0071940726696578805,-0.005126627704296061,-0.005126627704296061,-0.11724586804539994,-0.13869611598956533,3.3837629369830955,3.3945738428699026,13.785360581013391,35.35342116187754
2020-02-06 00:00:00-05:00,2295470080.0,0.21032640459240995,49.025780975341505,3.008234214782715,0.009408501418097348,0.00928427158695655,0.1378954962382768,0.12223631788191391,0.1515006223801012,0.35833666411726295,3.3930043746377305,3.4039383600074182,13.91454108142723,35.46874456879849
2020-02-07 00:00:00-05:00,2324720128.0,0.19964431758754814,41.14432380547552,2.9681781768798827,-0.013315465167570206,0.00022458080281184678,0.1472692690879449,0.16188835799793733,-0.050788140583501895,-0.16076148126697087,3.3932289302260488,3.3905334491387626,14.051925651471723,35.618791145158035
2020-02-10 00:00:00-05:00,2297410048.0,0.16287814711411217,47.9364051437496,2.966843032836914,-0.0004498193718182053,-0.007402430124756165,0.05502486776663762,0.04263076785170106,-0.18415836181920509,0.16507942554569777,3.3857989661525103,3.390083528567862,14.105489989464738,35.66053824877052
2020-02-11 00:00:00-05:00,2295389952.0,0.20423759475230807,51.764678201785316,2.988874053955078,0.0074257454386110755,0.013785285716282347,-0.2416192756659683,-0.24228611433895042,0.25392877050117435,0.07986149663404363,3.399490099112646,3.397481838892548,13.828920244874192,35.3830888246249
2020-02-12 00:00:00-05:00,2305920000.0,0.15745275128364042,43.137304331628876,2.937468147277832,-0.017199087599299223,-0.005350076130272496,0.3575727676369018,0.36380060112299595,-0.22907067391489122,-0.1666652661594038,3.3941256600737324,3.380133128925645,14.134618620415909,35.693364186499856
2020-02-13 00:00:00-05:00,2300440064.0,0.21089481595116982,43.65828351547428,2.939470672607422,0.0006817181426956864,-0.015015718516864784,-0.17661167235990993,-0.17856842512610072,0.3394165184910434,0.012077230877484801,3.378996064251214,3.380814614804081,13.94029127486158,35.49665754861534
2020-02-14 00:00:00-05:00,2290540032.0,0.22645277240507228,46.98155526110367,2.90609073638916,-0.011355764331763996,0.0015928434180345619,0.28793362167887726,0.28239094996661107,0.07377116589487298,0.0761200733980183,3.3805876404396584,3.369393881463755,14.193330365252114,35.74538381379713
2020-02-18 00:00:00-05:00,2290540032.0,0.3669578627313802,41.68723778033317,2.8840599060058603,-0.007580916214155686,-0.018173523071063236,-0.11417997395654855,-0.11417997395654855,0.6204608971400731,-0.11268927670331297,3.362246950459689,3.3617840840477085,14.072088885364721,35.624142333909745
2020-02-19 00:00:00-05:00,2290540032.0,0.407711122821083,45.282768407455386,2.900082015991211,0.005555401242528291,0.0025450275995171356,-0.19056092843326888,-0.19056092843326888,0.11105705648698683,0.08625015277021975,3.364788744960853,3.367324110962843,13.860675109918647,35.41272855846367
2020-02-20 00:00:00-05:00,2290540032.0,0.49792044347780495,40.81136699300812,2.8894004821777344,-0.0036831833563940597,-0.011308546373419048,0.20837316000764683,0.20837316000764683,0.22125793388351767,-0.0987439940556083,3.3534157707932453,3.3636341279853283,14.049950069020335,35.60200351756536
2020-02-21 00:00:00-05:00,2290540032.0,0.4010393646175757,45.37453306080532,2.9127674102783203,0.008087119886881933,0.01330550656414009,0.029425723777883217,0.029425723777883217,-0.19457140217731939,0.11181115468587377,3.3666335365387225,3.3716887223589893,14.078951166043021,35.63100461458804
2020-02-24 00:00:00-05:00,2270500096.0,0.48237155549502503,31.888440830493224,2.7845855712890626,-0.04400689136281222,-0.03501541758748705,1.0,1.0,0.2028035102115382,-0.2972172124006148,3.3309903819933435,3.3266841478637654,15.047808394041114,36.591074344824825
2020-02-25 00:00:00-05:00,2305230080.0,0.5425160650635377,21.306366410158134,2.740524673461914,-0.015823143767405012,-0.001431862256254468,-0.31690531043130854,-0.3064565693451484,0.12468502523286307,-0.33184671764246354,3.329557493642728,3.3107344817277253,14.66668660274913,36.22513292895011
2020-02-26 00:00:00-05:00,2307780096.0,0.6483898134491297,22.861535317091594,2.747200584411621,0.0024359973892422726,-0.023189236043220984,-0.28534836065573765,-0.28455782216217695,0.19515320412344384,0.0729908083337949,3.3060951570081425,3.3131675168850117,14.330726530031558,35.89027843205503
2020-02-27 00:00:00-05:00,2302180096.0,0.6276980111721036,15.648266342163666,2.7004678726196287,-0.0170110300853773,0.022760573565052455,0.35902031063321393,0.3557225467982901,-0.031912596169510254,-0.31551988415822585,3.3286005731492714,3.2960101371474355,14.637490610367188,36.194612989131755
2020-02-28 00:00:00-05:00,2373900032.0,0.891631316913615,15.532510805660294,2.657073402404785,-0.016069241428430026,-0.05934431200424484,0.07630769230769241,0.10983796170005489,0.42047816154247086,-0.0073973393583846025,3.2674224666839535,3.279810385436342,14.711026990621953,36.29882701334941
2020-03-02 00:00:00-05:00,2277900032.0,1.1458614347353784,15.15148267002624,2.644388961791992,-0.004773838991919965,-0.02391255571198081,0.9974271012006861,0.9166515844853866,0.28512919297382,-0.024531007278952077,3.243219364658953,3.2750251152801932,15.402886893595856,36.94940671049545
2020-03-03 00:00:00-05:00,2225149952.0,0.9465799243671672,12.888753069687752,2.654402542114257,0.0037867274697287456,0.03492298052979814,-0.023962869819460608,-0.04656528255782344,-0.17391414382859705,-0.14934047377520243,3.2775463736603014,3.2788046911458886,15.378632243520952,36.90172238797199
2020-03-04 00:00:00-05:00,2282670080.0,0.8702017360407485,38.655497058974824,2.8112909317016603,0.05910497262500347,0.029212059034530613,-0.3699855458030459,-0.3536996716691758,-0.0806885782808896,1.0,3.3063398919181317,3.336228877144458,14.916619726830971,36.4652314092747
2020-03-05 00:00:00-05:00,2155279872.0,0.8287874109330933,38.11236347785897,2.806617546081543,-0.001662362855234023,0.014435962690907411,0.13336658354114705,0.07011617951536864,-0.04759163696464508,-0.014050616922276826,3.320672648170065,3.3345651310308955,15.041812207773273,36.53299863084057
2020-03-06 00:00:00-05:00,2278439936.0,0.821924346408656,35.4445038417047,2.7311784744262693,-0.026878999513345825,-0.01857193953946268,-0.20653640790940564,-0.1611951842228201,-0.008280850353060365,-0.06999984762698164,3.3019260847118668,3.307318284659819,14.810464585021396,36.3572213921396
2020-03-09 00:00:00-04:00,2341370112.0,0.793582371077391,29.674428023911503,2.5923154830932615,-0.05084361664141268,-0.05210157876996102,0.40601197959032764,0.44484582372012427,-0.03448246235204411,-0.1627918349079559,3.248418151642491,3.255136578233858,15.151221898708087,36.72522401162407
2020-03-10 00:00:00-04:00,2341370112.0,0.805954480904824,28.341275581898245,2.594985771179199,0.0010300783617398501,0.013741240143269717,0.49391222026454895,0.49391222026454895,0.015590202451997826,-0.04492596928705794,3.2620658370102453,3.2561661264289263,15.552620228849573,37.12662234176556
2020-03-11 00:00:00-04:00,2301740032.0,0.8500932780042157,24.9167127951479,2.487501335144043,-0.04142004832123369,-0.02659830415796194,-0.28683835307785743,-0.2989093421861596,0.054765868476639445,-0.12083305061038374,3.235107397610081,3.213863819785836,15.214573058361843,36.77150426786669
2020-03-12 00:00:00-04:00,2295759872.0,1.500672704868267,17.82578744315674,2.2765378952026367,-0.084809377571325,-0.08328952254341915,0.07599842029915593,0.07320286449194979,0.7653035774984978,-0.28458510600049924,3.1481438130673713,3.125240914904573,15.287822051976898,36.84215177654534
2020-03-13 00:00:00-04:00,2228620032.0,1.7230179245157804,28.471765467013455,2.372673225402832,0.04222874145990807,-0.0011465546363613743,0.25510976532929597,0.2184038929711234,0.1481636994703861,0.5972234358681119,3.146996600634395,3.1666023556990313,15.515045083149811,37.03969349428935
2020-03-16 00:00:00-04:00,2172250112.0,2.2895503765112206,24.25682502087544,2.1623767852783202,-0.08863270250323141,-0.12109050328301263,-0.028237745366816558,-0.05281715314658664,0.328802413448283,-0.1480393076088422,3.0179232523948682,3.0737930732886616,15.486400984711342,36.98543036995437
2020-03-17 00:00:00-04:00,2306729984.0,2.1860796672124163,29.300799561399415,2.2491661071777345,0.04013607734335878,0.051257249834386176,-0.13831367902349112,-0.08496831814219685,-0.04519258906042123,0.20794042650607114,3.0679100810702935,3.113144621482049,15.337537013387404,36.89663378062953
2020-03-18 00:00:00-04:00,2217720064.0,2.108145462918252,27.833449224523036,2.139011001586914,-0.048975976135903765,-0.0012423535049884693,-0.040663538142529765,-0.07768150830605303,-0.03565021232439447,-0.050078849684684124,3.0666669552044263,3.062928666412978,15.296023594323147,36.81576910123155
2020-03-19 00:00:00-04:00,2342749952.0,1.853068056421407,28.432987822317514,2.122320938110352,-0.007802701091382813,-0.057835797178003245,0.34469421186749183,0.4205049372305467,-0.12099611292654722,0.02154021921459326,3.0070912485824297,3.055095364968562,15.592190229757236,37.1667814992367
2020-03-20 00:00:00-04:00,2205959936.0,1.2657170111973846,26.022702183311694,1.9948081970214844,-0.060081742963154716,0.025082622476561678,-0.11654427938140843,-0.1681280696427383,-0.3169613998734069,-0.08477074776903848,3.0318644652184146,2.9931329968700817,15.468276123133553,36.98270471936829
2020-03-23 00:00:00-04:00,2240930048.0,1.3084462977065598,22.922298522126283,1.845263671875,-0.07496686918059303,-0.0801677519249453,-0.010648485080629766,0.005035269061721248,0.033758957279678814,-0.11914226429466246,2.9483005006047245,2.9152072718610142,15.457570537215629,36.98772735385732
2020-03-24 00:00:00-04:00,2456079872.0,0.8561680282708418,23.162617162107622,2.006825065612793,0.08755463850519973,0.04620265069922991,-0.039471137093964104,0.05274843753559333,-0.3456605519297734,0.010484055067573772,2.993467586200727,2.999138996883246,15.417299289866758,37.039131657741905
2020-03-25 00:00:00-04:00,2267150080.0,0.8709475006635964,26.675224230611875,2.076923561096192,0.034930047807627096,0.005687396664600941,0.1242266067433846,0.037747375593652155,0.017262350268561155,0.1516498349008084,2.999138870686951,3.0334728346571995,15.534394628441152,37.07618403675081
2020-03-26 00:00:00-04:00,2190629888.0,0.9181753677615528,37.74916194357287,2.3094366073608397,0.14454698857872095,0.08209751187953773,-0.40101823136080883,-0.4212348903041685,0.05422584835707367,0.41513944239886835,3.0780401689354777,3.1684817502133074,15.021870510782708,36.529325470294125
2020-03-27 00:00:00-04:00,2293890048.0,1.0585519556492318,38.53563991420624,2.205703353881836,-0.07211754383326485,0.01854195796770708,-0.2870738933947865,-0.25346855264804713,0.1528864668085217,0.02083431605207542,3.096412320616258,3.0936315323814263,14.68349300954431,36.23700793379638
2020-03-30 00:00:00-04:00,2240310016.0,1.230867555793074,40.1840466821982,2.254840469360352,0.02227730006940387,0.008947917809442707,0.09004659753998578,0.06458559881922943,0.16278426318541683,0.04277616179884092,3.1053204430236234,3.115664318151377,14.76971345490829,36.29959354814525
2020-03-31 00:00:00-04:00,2191490048.0,1.49016176186738,45.47495660747056,2.3333229064941405,0.034806203897898014,0.03516810363326295,0.024339520911961898,0.0020175108888376148,0.21065971302431263,0.13166692660687818,3.1398842755217595,3.1498784847258965,14.7937614899612,36.30160902659219
2020-04-01 00:00:00-04:00,2289789952.0,1.539268922844234,53.76250714162961,2.393379211425781,0.02573853141564353,0.048449115372439344,0.8038950297014813,0.8848092498721645,0.03295424848059181,0.1822442758042695,3.1871963148240496,3.175291356321751,15.383709722381777,36.935435648669966
2020-04-02 00:00:00-04:00,2232339968.0,1.6324445633006348,54.603206573554175,2.5182689666748046,0.05218134871933833,0.03099454750820141,-0.021238015839933344,-0.0457947924476263,0.060532398902871654,0.015637281009047044,3.2177202312980415,3.2261568404949315,15.36224293498225,36.8885591202611
2020-04-03 00:00:00-04:00,2202889984.0,1.328146813278473,60.88671565892908,2.47117919921875,-0.01869926051554116,-0.009838778605249843,-0.5447073103213305,-0.5507137262877868,-0.18640617688535965,0.1150758257559581,3.2078327320796225,3.2072805383012946,14.575428142158072,36.088464106503835
2020-04-06 00:00:00-04:00,2310520064.0,1.2087440666321378,59.29686597964116,2.502572059631348,0.01270359528055387,0.0002760211915830979,0.26771432580328325,0.32965304961353836,-0.08990176797668525,-0.02611160188363293,3.208108715184365,3.2199041198441964,14.81264367768253,36.373382149754086
2020-04-07 00:00:00-04:00,2255500032.0,1.1106274364018636,63.507749201606934,2.4827812194824217,-0.007908199914867353,0.02786980632117797,0.30348644161593796,0.27244673464835767,-0.08117237795727239,0.0710135881955638,3.235597226649368,3.2119644842737323,15.077686230497749,36.61432375949801
2020-04-08 00:00:00-04:00,2281520128.0,0.7450197526867417,64.75402832278719,2.4971128463745123,0.005772408289393294,-0.020134197786075947,-0.45840763069259294,-0.4521596656106548,-0.3291902142266475,0.019624048038986874,3.215257573438784,3.217720296051661,14.464444583847895,36.012552364406766
2020-04-09 00:00:00-04:00,2281520128.0,0.39700855356688447,73.5744706910837,2.5660409927368164,0.02760313634298872,0.01506848416634421,0.20355369741311735,0.20355369741311735,-0.4671167413546221,0.1362145737764482,3.230213655741464,3.2449493344054887,14.649723178802823,36.19783095936169
2020-04-13 00:00:00-04:00,2309289984.0,0.34342683909233335,82.76470116328551,2.5510274887084963,-0.0058508434085098315,0.012145924245261064,-0.2957012592270951,-0.2871287840723876,-0.13496362734039724,0.12491058903826469,3.242286410130036,3.239081307755599,14.299170513657495,35.85937646165716
2020-04-14 00:00:00-04:00,2309289984.0,0.3483322137522948,80.46565831170257,2.585832023620605,0.013643339817451139,-0.026933552182700216,1.0,1.0,0.014283608913403967,-0.02777806020282947,3.214983502695144,3.2526324151707904,15.086394067572837,36.6466000155725
2020-04-15 00:00:00-04:00,2278210048.0,0.315306615933564,72.24397544945057,2.5046197891235353,-0.0314066164218042,0.015072654959706888,-0.3176206509539843,-0.32680455884039716,-0.09481063339785123,-0.1021762952637929,3.22994369386817,3.2207220352219963,14.704224522068195,36.25088042698807
2020-04-16 00:00:00-04:00,2284290048.0,0.2870043509016865,64.51912659219192,2.5278234481811523,0.009264343896978167,0.012419016318640841,-0.16426809210526316,-0.16203772269553263,-0.08976108841890229,-0.10692723938847692,3.2422862267850223,3.229943728303896,14.524777120404103,36.07409823232501
2020-04-17 00:00:00-04:00,2293530112.0,0.3003267006544744,76.00409796389785,2.5592164993286133,0.01241900464609147,-0.0018666356650440807,-0.22307503075030755,-0.21993233157979253,0.04641863341420738,0.1780087855853869,3.2404178467845948,3.242286249691382,14.272365622454734,35.82572362364844
2020-04-20 00:00:00-04:00,2265400064.0,0.2751372478881566,68.36331362168077,2.505984687805176,-0.020800042332253632,-0.019770357421895812,0.08796149705528467,0.07461769617201242,-0.08387350412542338,-0.10053121538060317,3.2204494411776166,3.2212668392358377,14.356671381526338,35.89768859050831
2020-04-21 00:00:00-04:00,2265400064.0,0.4077924493330555,57.17156234214246,2.430914688110352,-0.0299562882647032,-0.0204413359197696,-0.13585564610011647,-0.13585564610011647,0.48214192176125614,-0.16370990062700763,3.1997962896500596,3.190852694380429,14.210655933665583,35.751673142647554
2020-04-22 00:00:00-04:00,2391539968.0,0.38989192031284226,55.09991165854473,2.4595775604248047,0.01179098240454235,0.012520687456764046,-0.22713188737707124,-0.18409776237630604,-0.04389617573716609,-0.036235684293529746,3.2122392414959484,3.2025747047876143,13.953009071149907,35.548212404618404
2020-04-23 00:00:00-04:00,2273590016.0,0.40836186019463633,46.15387868659022,2.4766395568847654,0.006936962157442217,-0.0038469711031693388,-0.05656266341293359,-0.10309267756883844,0.04737194827472724,-0.1623602053555595,3.208384851767174,3.2094877169195573,13.894783738858782,35.4394096628825
2020-04-24 00:00:00-04:00,2289690112.0,0.39904175482196036,55.80254385217324,2.5353307723999023,0.023697923806466736,0.01379302338949362,0.24083140877598153,0.2496181753700113,-0.022823153387130146,0.2090542645636062,3.2220836171557856,3.2329092037341636,14.110565384745469,35.6622477078304
2020-04-27 00:00:00-04:00,2236679936.0,0.3785584085302453,56.81553455665471,2.5796905517578126,0.0174966437676769,0.016598726835535427,0.6116736152471709,0.5743606611705239,-0.051331335741679585,0.018153127699070293,3.2385460908106274,3.250254543554911,14.58783853639866,36.11609696828081
2020-04-28 00:00:00-04:00,2293890048.0,0.8479744004257548,65.0000550046665,2.6752344131469727,0.03703694666945845,0.06076004807628821,0.22034368070953447,0.25155780192919397,1.0,0.14405427163323514,3.297531768480991,3.286622100585617,14.7869710609719,36.340485985223964
2020-04-29 00:00:00-04:00,2150820096.0,1.068546206695138,67.13290950159288,2.731195640563965,0.02091825192662755,-0.0007571726574113757,0.269740328563858,0.19054660782799138,0.26011611454147365,0.032813118339257485,3.2967743090235824,3.3073245698894036,15.02578347483869,36.51489852119493
2020-04-30 00:00:00-04:00,2243300096.0,1.0732449285236745,52.52994161702859,2.60357666015625,-0.0467264148024793,-0.004292679899599916,0.5512163129024565,0.6179148177583547,0.004397303363294913,-0.21752323849777133,3.292472389121225,3.2594712312192953,15.464822816041236,36.996036691818865
